80 588 148 46 80
6 49 558
20 43 876
3 45 518
78 48 633
28 10 783
9 26 448
2 69 534
54 7 564
28 43 969
62 63 231
34 74 161
14 11 359
11 50 973
70 27 798
68 23 676
61 72 762
17 61 177
28 55 134
74 37 947
60 23 961
27 39 776
26 73 702
38 13 82
48 39 563
23 10 384
62 21 99
24 17 230
36 77 190
72 24 773
67 71 229
10 29 116
13 66 234
75 8 446
22 23 378
34 62 307
70 27 25
62 60 859
14 20 448
49 30 642
31 28 707
19 40 425
2 31 884
25 6 101
52 25 682
30 46 347
33 50 50
7 53 40
48 34 569
7 35 755
76 3 856
67 9 546
72 12 493
70 79 556
25 30 970
19 43 615
22 71 823
9 79 454
11 36 404
40 73 776
16 72 398
16 56 530
27 52 206
52 6 960
30 64 382
16 24 815
33 50 198
2 33 175
69 28 705
31 3 767
17 51 666
64 42 339
3 35 836
55 49 11
52 15 385
49 30 484
12 38 301
39 76 797
1 43 38
79 41 179
69 17 313
60 18 836
72 13 321
48 31 24
61 47 667
34 33 234
50 48 106
76 21 495
56 27 803
48 12 941
27 14 211
64 76 876
20 47 679
46 5 352
65 34 33
15 1 173
70 9 64
37 74 320
9 51 773
63 39 944
73 69 916
73 71 202
40 24 644
79 68 155
23 3 986
45 48 475
54 46 500
53 35 698
70 8 369
80 50 867
33 59 255
38 29 267
75 21 468
28 70 787
55 15 250
23 49 827
27 17 607
19 13 47
40 66 353
60 8 520
64 76 62
65 75 703
23 6 587
16 29 367
38 78 937
7 39 639
52 30 363
5 47 321
61 47 877
59 22 411
65 30 426
47 55 421
26 23 7
15 16 516
79 11 671
63 54 555
6 66 558
21 35 701
17 46 317
21 5 431
77 35 882
73 30 775
80 27 842
40 60 436
20 63 366
4 78 798
19 26 488
55 15 101
33 60 983
57 7 1
14 30 859
1 23 673
65 17 860
62 35 894
15 10 333
48 78 350
77 59 988
71 36 664
80 30 470
39 5 178
2 4 577
79 52 29
12 38 636
26 9 997
4 39 847
33 9 900
50 35 246
38 70 923
45 25 170
49 64 341
47 31 162
33 31 12
2 59 558
50 24 273
75 58 772
69 13 385
17 71 341
33 51 273
18 2 270
34 35 633
60 41 125
66 40 216
4 78 249
57 50 61
8 4 984
34 39 770
16 31 12
77 20 982
60 67 137
5 27 99
79 59 176
64 39 883
75 53 271
3 21 220
10 28 81
2 47 151
35 4 984
73 56 521
60 41 520
15 33 963
28 32 592
57 28 50
26 21 715
75 12 107
44 78 91
29 70 312
51 45 299
51 28 893
80 53 53
12 43 988
19 80 426
21 65 714
51 47 125
24 64 858
6 37 619
68 63 93
73 35 731
21 77 535
69 53 304
50 39 229
38 74 385
63 3 35
24 46 482
47 69 412
66 51 90
67 28 84
9 30 904
73 2 675
62 25 770
67 71 45
39 12 961
77 32 137
70 6 612
5 71 379
28 32 982
50 74 582
75 12 70
46 5 434
4 33 92
52 55 916
39 29 488
3 78 856
34 80 598
39 47 622
74 38 857
11 28 445
66 7 954
74 37 996
9 40 544
16 78 841
77 34 969
29 76 876
66 70 592
50 2 287
52 26 336
35 5 916
15 36 828
19 63 201
78 9 438
32 71 915
74 46 537
11 55 31
5 52 616
61 53 509
54 28 231
26 52 678
58 6 986
50 75 923
33 42 131
34 27 596
5 24 145
63 52 811
76 78 10
43 11 236
5 73 684
3 52 426
63 17 957
3 49 918
52 74 646
32 28 46
5 50 804
10 35 567
70 53 597
12 68 328
61 56 397
76 53 456
53 42 262
64 36 210
5 57 34
79 75 850
58 17 636
66 79 677
74 12 539
2 79 196
66 14 575
8 13 739
6 51 471
66 75 423
44 8 241
80 55 1000
65 31 203
47 70 859
60 40 387
74 45 172
55 15 277
36 4 891
11 60 271
38 5 629
19 34 295
6 15 657
35 51 482
47 26 138
26 72 628
32 79 91
22 13 345
18 8 301
57 50 31
75 46 44
23 30 449
44 49 753
54 40 869
35 6 177
65 13 409
41 66 79
64 53 86
46 67 762
80 31 485
70 29 459
41 20 228
40 44 873
7 63 506
40 10 224
61 31 699
35 28 237
9 7 436
46 23 273
78 55 139
52 55 469
7 51 397
39 58 593
43 79 301
12 31 301
36 45 797
48 77 21
55 14 186
56 1 924
18 71 428
56 60 592
61 67 770
26 27 166
1 21 174
28 59 664
31 13 428
44 25 930
7 50 382
1 40 263
70 29 81
37 4 133
16 1 93
35 13 445
66 14 133
5 74 602
1 37 657
44 69 987
71 30 130
49 69 860
22 38 940
50 37 467
35 30 152
20 55 25
33 80 308
17 63 652
77 44 310
47 24 971
27 73 770
20 25 765
71 69 72
11 31 287
29 31 394
14 3 248
75 1 287
42 60 73
8 76 263
8 66 317
14 4 976
73 62 789
49 48 787
62 64 709
48 67 794
36 80 62
33 3 892
56 51 101
33 57 207
3 49 857
3 66 43
41 3 673
46 43 771
76 64 77
10 36 498
30 68 605
45 52 70
28 79 461
58 8 606
75 73 122
10 69 522
24 40 308
65 39 635
34 9 247
62 33 204
78 52 217
24 80 228
12 71 969
26 72 446
80 19 217
24 52 565
57 79 541
18 19 394
5 11 670
21 39 742
80 53 66
14 59 790
20 27 572
6 79 760
53 20 266
34 61 680
49 20 185
41 69 231
73 67 849
24 3 403
75 56 540
21 62 456
49 50 710
64 45 750
77 76 374
24 76 500
6 65 169
73 35 353
51 60 192
59 80 345
63 7 854
8 40 910
13 62 722
15 70 745
31 42 835
51 48 92
41 37 94
15 41 714
72 8 603
29 14 281
9 5 451
18 13 570
54 4 463
37 69 880
29 2 819
45 68 687
37 61 229
79 69 493
21 54 285
21 13 823
19 67 374
11 29 850
45 48 58
37 6 289
59 12 223
5 19 749
31 61 910
23 8 494
16 24 406
18 37 108
6 63 522
35 21 388
56 19 660
78 35 342
79 59 30
9 44 294
17 68 8
53 17 372
64 48 885
33 77 422
20 41 200
33 2 718
67 12 372
32 63 542
9 49 655
16 76 830
30 36 108
49 68 946
79 7 796
75 23 483
41 18 223
2 68 347
62 69 745
80 36 641
25 35 63
31 50 114
18 67 149
37 54 836
36 80 266
55 49 100
18 43 313
63 22 806
10 59 420
21 39 569
69 20 398
35 43 299
17 9 712
75 59 809
3 58 248
74 53 67
48 59 431
47 29 211
34 76 361
26 25 152
17 30 771
51 25 871
53 2 871
59 74 556
36 76 956
66 28 890
59 27 462
47 52 343
69 18 860
34 1 717
60 1 831
1 74 756
19 11 580
22 79 735
54 59 504
9 37 774
35 22 738
33 4 372
63 77 754
25 32 457
10 5 727
55 9 18
26 1 436
48 25 186
53 5 877
75 77 156
72 67 991
74 75 845
72 76 969
40 68 735
20 77 223
30 41 455
58 59 348
25 8 77
47 63 841
67 59 315
34 36 288
53 27 104
33 47 594
36 21 983
35 70 489
67 56 264
45 3 264
56 77 410
76 25 382
80 52 161
15 40 827
7 34 343
68 61 151
51 80 6
77 60 335
27 6 114
55 63 87
55 17 785
45 66 405
16 34 813
13 1 7
36 40 89
64 50 340
68 44 610
28 4 80
42 3 742
28 76 486
49 45 143
33 72 246
2 35 635
43 16 181
44 8 607
23 13 431
66 13 832
52 42 789
24 5 14
22 3 478
19 67 591
79 63 505
56 6 884
7 19 712
17 31 378
14 19 171
34 77 169
57 70 946
44 72 175
10 35 338
2 69 964
6 33 106
7 64 39
52 66 550
48 65 253
10 16 22
11 43 296
25 57 117
6 32 25
2 20 107
21 46 276
13 37 116
8 68 587
8 75 153
57 79 325
4 63 226
20 60 323
21 35 236
40 42 210
20 41 929
1 47 118
40 51 57
30 31 347
52 80 816
23 60 790
12 23 706
9 43 276
30 49 380
36 46 561
56 57 301
11 48 931
35 55 980
21 42 387
24 63 373
62 68 469
40 42 886
16 67 219
47 55 491
41 46 235
23 63 806
31 62 744
31 49 277
64 66 56
2 70 87
16 23 405
54 68 46
25 50 682
53 56 111
42 80 35
58 72 429
6 45 287
4 49 169
23 30 39
7 58 470
18 48 40
31 45 821
9 72 346
9 25 496
23 35 175
1 52 852
69 74 2
51 78 974
36 43 916
60 64 625
32 64 979
23 78 594
12 52 476
24 75 591
17 79 696
4 9 126
26 50 604
11 68 781
4 70 669
32 59 18
70 77 592
29 62 374
7 29 194
25 41 42
60 67 95
42 59 659
32 54 250
14 66 919
16 41 583
2 37 544
20 46 803
32 80 33
35 39 947
47 62 305
58 68 424
2 14 709
67 76 151
6 75 705
27 66 993
1 46 808
38 68 142
51 74 363
1 24 551
44 76 164
13 32 621
4 24 724
13 61 700
3 17 221
13 70 907
12 78 586
39 67 393
29 49 679
35 37 952
55 72 352
40 53 421
26 44 148
9 31 212
15 46 897
19 63 370
34 66 59
53 80 429
1 65 405
30 62 354
61 64 913
42 76 919
13 75 91
15 74 544
36 47 131
6 75 508
27 42 265
54 77 969
5 59 281
34 35 400
6 71 385
55 56 904
21 42 516
26 43 453
23 46 855
21 52 566
12 45 813
3 62 358
16 44 72
2 6 357
30 55 716
32 62 875
43 54 222
56 64 126
