200 74 263 197 37
129 99 906
66 196 83
90 65 387
104 3 265
41 78 948
114 110 8
131 130 988
93 5 991
72 179 859
45 107 19
140 77 919
4 182 328
58 185 572
13 96 96
172 94 684
102 63 298
100 11 568
182 178 732
30 92 758
65 168 420
101 54 659
168 163 155
102 129 322
154 31 417
18 122 173
90 50 50
115 13 129
56 200 123
67 12 385
45 83 305
81 51 557
17 96 656
25 127 340
32 38 144
65 145 903
97 72 366
8 139 391
185 53 611
106 49 557
2 48 440
35 120 845
140 179 32
165 36 902
90 91 749
101 60 888
85 167 676
38 65 559
50 171 580
149 155 728
66 174 261
174 91 300
134 33 543
78 119 383
16 190 178
31 101 115
117 9 531
44 2 408
87 24 76
146 50 367
111 59 949
110 19 858
193 40 98
39 26 631
61 11 717
193 9 785
83 187 357
53 192 882
181 59 355
161 177 593
77 80 574
173 70 900
8 23 273
174 13 728
100 107 103
65 154 684
28 85 100
179 199 768
41 142 560
120 121 888
22 55 872
25 135 13
73 176 97
7 106 299
180 182 693
111 176 231
4 12 631
166 190 945
35 92 446
174 197 27
32 80 407
96 122 604
108 195 617
13 191 590
25 186 729
22 24 137
2 70 481
32 193 229
7 129 266
107 128 746
82 136 193
55 92 175
178 191 830
83 188 135
2 173 655
26 43 149
90 92 4
68 139 900
99 162 359
61 144 0
14 140 173
1 56 155
94 123 817
13 134 970
117 174 233
123 166 347
13 83 787
97 127 576
56 77 91
45 176 309
143 168 901
55 97 746
45 187 166
127 133 694
39 112 638
70 141 764
95 166 902
48 124 808
103 110 993
101 169 779
144 158 542
112 137 706
2 153 364
107 110 260
20 193 459
17 30 673
76 84 954
144 155 299
103 146 360
180 194 326
112 117 758
71 82 838
17 134 650
105 148 661
49 199 456
50 80 797
104 157 927
95 137 313
73 187 805
123 132 564
40 125 939
113 174 407
66 161 839
117 170 749
69 147 684
1 81 463
131 144 801
53 183 61
83 178 521
40 81 963
17 142 145
106 178 550
100 135 216
13 110 253
124 198 306
126 156 520
168 190 884
18 24 489
87 135 9
171 189 819
11 180 863
50 128 137
168 193 626
11 101 673
146 159 751
106 163 652
75 170 67
134 149 545
34 58 728
71 104 363
6 86 453
36 151 191
62 197 523
73 112 361
126 148 802
133 163 812
114 152 375
17 50 823
81 110 322
79 97 532
8 109 685
114 192 734
73 135 91
49 67 871
115 164 86
103 185 147
105 148 219
55 130 743
68 132 795
47 72 792
14 19 739
3 180 429
52 89 617
109 112 881
69 199 582
48 160 937
35 186 493
12 14 968
25 191 329
55 110 7
87 181 593
14 198 524
54 147 544
166 177 969
77 83 23
140 151 234
45 126 81
74 99 569
93 191 846
59 153 211
88 117 714
132 167 232
21 200 36
154 185 42
94 153 206
113 143 638
7 120 831
19 58 78
53 199 813
1 125 621
19 53 36
157 170 898
55 102 8
2 179 430
72 147 417
30 125 447
141 192 755
69 130 731
131 135 971
82 96 818
35 146 843
94 100 547
28 180 800
59 162 383
179 200 436
60 184 945
168 173 565
47 183 74
148 150 689
103 186 653
107 142 872
25 171 956
103 131 6
61 93 753
156 183 703
71 177 356
4 138 964
91 144 845
22 29 116
85 138 328
82 145 87
47 100 762
38 190 852
56 101 63
126 176 689
20 66 717
119 174 833
22 127 349
64 141 963
28 161 352
20 129 684
44 194 318
139 145 430
141 164 917
34 152 209
16 45 692
135 176 21
164 169 368
170 183 274
69 70 986
1 56 565
1 193 6
27 91 720
20 59 970
62 147 322
34 46 465
56 165 788
135 177 13
114 116 203
12 172 74
56 130 784
174 200 138
165 192 262
14 140 210
78 147 266
92 145 518
12 99 654
75 160 551
45 181 672
76 126 308
77 113 722
28 116 541
112 122 908
27 92 806
16 141 713
129 195 195
11 200 99
53 161 392
74 198 409
7 98 293
65 93 923
114 143 998
12 43 102
73 123 395
35 125 957
22 163 776
61 88 16
66 95 38
67 105 755
183 192 396
80 112 976
18 142 242
8 72 971
74 141 204
7 58 668
78 85 366
52 142 120
61 168 335
8 168 240
30 131 864
15 87 272
14 101 766
115 153 663
67 88 705
44 62 980
71 139 463
12 171 390
152 176 386
