30 305 73 6 4
26 7 8
14 21 150
3 11 376
26 10 699
11 23 843
23 25 364
22 27 926
23 26 616
25 1 18
21 19 546
29 18 399
10 19 604
11 16 56
16 30 456
23 29 59
17 8 952
10 4 768
24 9 971
14 24 178
19 26 851
13 8 922
3 12 526
7 30 873
11 10 183
16 28 306
29 22 609
24 16 494
17 13 758
7 6 692
29 4 884
12 21 816
6 3 513
27 16 856
16 1 718
27 28 757
4 27 770
15 12 56
9 17 648
11 21 466
2 8 727
15 7 862
11 10 658
1 6 684
4 19 503
14 22 91
21 2 635
23 7 717
1 19 220
4 6 905
30 9 197
19 3 552
12 28 284
20 12 84
24 21 675
10 7 863
17 16 192
27 25 687
2 14 422
16 5 452
12 15 570
21 5 798
8 20 115
11 25 93
3 29 226
2 20 639
30 4 759
4 19 75
24 20 706
18 2 795
28 17 2
25 3 870
13 14 829
1 6 686
20 1 260
28 12 570
13 8 471
5 29 778
22 30 467
6 13 726
17 28 159
19 10 120
6 22 814
4 22 824
7 27 17
15 5 173
24 17 664
29 19 769
4 24 165
7 14 508
20 24 380
18 12 661
16 27 48
18 4 584
6 17 299
19 21 614
28 5 356
6 28 409
12 22 995
28 20 732
15 12 444
15 4 550
16 30 410
20 14 723
17 3 443
12 6 114
17 19 305
27 5 817
8 29 220
30 19 999
22 9 65
15 28 507
20 5 168
11 22 892
10 28 597
3 27 816
29 24 377
8 20 110
30 14 255
23 9 611
30 27 548
14 30 938
27 30 144
7 14 757
20 7 558
27 28 491
6 17 557
21 6 968
23 30 377
28 4 607
1 23 541
16 18 114
14 27 844
17 18 253
18 20 87
29 5 720
26 20 18
15 27 629
30 6 534
15 17 670
8 1 306
10 28 236
30 17 930
22 14 548
13 17 789
12 1 403
29 14 506
8 14 343
14 11 817
30 27 687
22 9 405
18 5 571
17 9 442
29 13 653
22 12 761
4 28 932
23 17 290
19 2 870
14 16 541
12 14 284
26 30 369
3 8 230
9 19 357
17 27 697
20 6 625
13 28 846
14 16 696
6 11 683
4 17 907
22 20 246
5 1 368
17 16 932
27 8 572
23 4 701
25 14 860
3 1 584
7 8 839
26 25 339
7 26 854
29 7 941
13 15 912
25 8 557
29 28 744
3 10 788
11 3 0
18 7 289
11 28 902
18 17 321
23 2 978
30 2 342
22 27 696
27 4 104
24 8 834
7 21 247
18 7 8
19 15 63
24 8 962
5 3 541
28 19 821
17 7 440
10 21 182
23 7 876
22 15 236
7 5 824
19 14 473
24 11 311
8 5 600
29 23 3
28 3 187
21 14 713
22 15 846
17 12 265
18 9 728
22 12 301
4 30 274
5 4 759
16 5 19
12 15 18
13 30 109
3 26 670
1 25 285
2 16 508
3 27 406
9 7 734
3 26 862
17 2 754
1 30 647
30 10 241
4 1 988
9 4 338
28 10 948
13 30 630
15 8 487
11 24 991
4 15 849
5 29 708
27 16 180
29 28 748
6 15 998
7 22 726
24 23 534
17 21 770
8 28 259
20 1 748
3 4 193
14 27 507
4 22 574
11 1 690
8 9 764
20 19 988
13 28 797
6 2 558
6 3 41
26 29 791
4 1 142
10 18 642
17 11 649
25 7 809
28 2 818
24 28 267
29 14 343
7 21 507
6 25 843
13 24 683
23 7 288
17 13 377
29 17 741
10 30 152
7 8 546
20 19 298
23 7 361
22 10 698
8 1 655
18 13 787
30 7 210
23 2 993
24 7 448
18 10 178
22 28 423
24 21 804
26 10 932
7 6 48
7 25 61
30 26 589
25 27 661
8 2 855
5 16 511
18 9 161
14 6 959
23 12 350
30 3 761
28 8 656
25 23 56
13 30 643
19 14 125
25 17 476
19 13 309
17 16 659
17 4 450
17 7 0
28 15 295
21 20 500
6 10 841
12 16 468
6 16 506
20 15 906
3 18 800
2 29 392
4 15 337
5 27 479
18 21 250
8 19 943
11 20 362
1 10 720
12 24 377
17 20 884
4 20 955
11 28 543
22 29 72
5 28 154
14 27 745
10 13 396
21 29 694
10 20 587
5 23 722
7 25 895
3 29 97
17 23 126
13 30 852
5 25 765
17 19 534
20 26 597
12 28 563
7 15 219
4 28 748
13 17 766
3 12 953
1 27 375
2 16 900
4 18 984
4 5 429
2 21 966
17 28 326
10 28 646
5 22 259
8 29 131
3 12 553
7 19 158
12 23 673
3 29 279
11 27 805
9 17 474
17 21 79
14 17 260
3 26 689
1 17 202
6 12 695
1 30 239
17 28 548
20 25 33
2 29 954
25 30 366
21 29 732
15 30 976
4 10 671
4 25 940
28 29 581
8 19 361
23 29 448
7 11 16
6 21 304
22 26 83
16 26 115
4 8 283
8 23 456
9 28 699
7 11 690
1 22 243
14 28 64
