10 24 190 9 8
9 7 438
2 5 825
4 6 520
9 8 900
10 5 511
7 8 370
3 1 301
3 10 203
9 8 634
4 3 426
5 10 334
4 10 498
2 9 659
10 5 735
2 8 196
10 8 346
8 5 530
7 4 856
5 3 501
8 10 129
3 4 84
10 2 92
4 3 189
2 1 49
1 7 651
1 9 804
3 9 260
1 5 672
1 5 617
7 10 932
2 10 146
4 5 372
3 8 773
5 8 630
4 7 799
1 9 361
4 9 113
5 6 529
2 7 86
4 10 477
5 9 165
2 8 60
3 7 774
9 10 634
2 5 363
3 8 92
7 8 671
5 7 112
8 10 719
3 6 232
4 5 676
1 3 194
1 3 923
5 9 48
2 9 6
1 8 684
2 10 788
1 4 403
6 9 254
1 10 364
7 8 63
1 2 296
4 6 658
2 8 391
2 10 269
2 9 271
3 7 321
5 9 23
1 6 330
1 7 337
3 6 188
1 2 143
5 8 399
2 3 495
3 10 167
4 9 666
5 10 872
3 5 854
3 7 851
7 8 556
3 9 760
5 6 444
3 9 769
1 10 796
1 4 844
1 5 43
6 10 321
3 7 524
3 6 373
6 8 122
6 7 197
5 9 665
1 3 591
6 9 560
7 8 195
7 9 621
8 10 426
7 10 177
4 10 705
5 7 740
5 9 893
1 7 51
1 8 800
2 3 801
4 9 252
1 4 528
4 8 390
6 7 702
6 7 647
4 8 527
6 10 490
6 8 108
2 7 206
7 10 60
7 8 334
4 5 37
3 6 615
1 9 435
1 10 400
6 7 665
6 10 691
3 10 585
1 4 402
7 8 718
2 8 390
3 9 220
3 9 339
2 5 129
6 10 483
4 6 986
5 6 343
3 4 379
2 3 851
2 7 574
6 7 969
2 3 860
2 7 647
7 9 783
5 6 562
2 6 422
3 8 287
5 9 982
5 6 580
4 8 879
2 8 941
3 5 645
5 10 7
1 5 289
3 4 509
7 9 355
3 9 743
1 10 114
2 10 74
3 4 710
5 8 375
1 6 333
3 10 372
4 10 695
9 10 944
2 6 497
5 6 274
3 7 208
3 8 893
1 8 671
6 7 61
4 8 234
3 7 290
7 8 596
7 10 395
5 9 794
1 5 858
5 7 705
3 4 1
1 7 318
1 9 471
7 10 770
1 2 313
3 5 704
6 9 771
2 5 336
3 6 132
2 9 297
6 8 601
3 5 478
3 9 82
1 5 604
2 8 673
1 6 484
1 7 427
1 5 732
6 7 511
2 3 695
2 10 862
4 10 382
1 8 776
4 9 701
8 9 110
2 8 355
2 7 27
2 3 313
6 7 968
1 3 871
4 7 877
1 2 644
3 10 769
3 10 943
2 10 846
5 6 189
2 8 867
4 5 251
4 6 670
2 6 131
3 5 818
3 9 779
