50 201 11 45 34
3 33 80
46 26 341
21 14 111
9 35 259
18 12 863
5 36 219
21 46 466
9 42 56
2 3 125
12 3 601
18 48 941
12 10 713
14 28 792
48 23 183
6 15 622
30 34 133
47 26 988
36 49 180
7 39 186
29 37 158
19 8 775
50 42 985
47 16 522
39 41 4
42 50 298
37 18 350
31 21 494
37 39 263
25 13 268
17 28 740
15 43 436
19 50 26
22 4 840
13 8 533
40 3 403
9 22 329
26 19 452
3 34 524
25 9 755
40 27 43
8 26 875
20 10 360
50 30 905
20 45 620
41 21 50
12 1 863
25 9 117
21 8 125
8 37 750
6 42 826
18 40 214
25 14 360
43 7 811
12 21 893
37 32 106
20 25 370
42 43 181
37 46 398
48 42 105
49 15 923
18 8 767
48 18 156
33 8 411
22 41 756
26 21 692
40 19 288
39 44 900
14 43 484
35 5 561
5 3 50
6 17 893
15 28 351
8 9 534
5 11 454
13 50 134
34 23 23
46 38 234
2 19 971
25 49 69
16 32 104
35 44 370
18 12 556
4 34 473
11 17 605
23 44 269
34 44 893
42 26 343
1 33 847
36 9 548
21 28 452
21 8 22
44 37 755
41 5 396
33 45 352
17 6 629
42 30 29
40 49 452
37 20 703
32 11 442
12 1 851
4 2 257
39 33 74
46 28 890
16 21 722
3 39 111
9 46 667
4 36 109
20 23 632
19 23 746
15 7 6
18 7 717
45 12 553
1 21 402
12 30 246
49 6 719
49 37 612
28 8 44
45 11 188
3 27 676
9 12 518
8 21 359
7 39 683
3 1 138
18 39 626
5 24 680
33 4 328
38 19 931
46 2 174
15 19 348
7 24 993
49 50 852
9 14 646
10 36 36
14 27 121
26 43 831
26 48 464
46 9 353
19 25 439
36 24 945
23 11 519
27 41 118
18 46 23
21 25 819
20 43 888
7 16 298
42 10 572
17 25 32
15 20 653
2 4 481
2 30 619
46 29 452
18 50 758
42 9 216
24 27 488
13 48 775
38 3 292
29 25 105
40 47 289
14 21 948
23 48 771
32 14 40
3 16 853
31 33 332
37 49 418
12 2 257
10 23 952
33 26 185
4 25 947
45 33 956
32 10 463
19 42 569
37 29 552
11 4 78
43 29 410
45 37 234
5 3 648
23 37 359
10 13 703
36 14 948
8 4 68
16 48 433
24 5 42
17 23 680
37 5 762
46 37 394
19 5 769
17 20 876
26 33 534
37 42 790
32 12 261
29 22 312
23 26 660
12 3 224
33 7 991
38 44 331
28 50 744
5 36 818
16 45 189
29 4 114
22 4 907
9 36 230
9 28 68
19 36 203
26 37 177
19 33 784
17 30 818
40 43 5
15 29 593
8 10 795
8 31 917
11 13 907
3 28 46
