20 108 125 19 7
16 20 763
16 1 213
1 3 519
3 4 828
11 10 855
9 18 291
15 3 753
19 16 228
16 3 103
14 5 336
4 8 361
9 20 910
6 1 129
13 1 150
15 14 508
19 13 60
9 12 103
15 20 771
16 14 279
17 2 929
18 3 236
6 13 624
8 4 31
19 15 871
7 8 136
5 10 644
5 3 46
9 4 552
1 15 716
5 19 298
4 12 628
3 18 333
7 1 798
12 18 641
18 14 177
15 13 867
15 16 732
1 9 440
2 15 407
15 8 712
1 9 934
13 2 457
17 8 442
7 17 326
7 2 344
5 15 134
6 11 377
9 3 948
12 3 618
1 3 758
3 20 712
13 4 704
14 12 324
15 3 665
18 4 725
20 6 888
11 8 458
11 4 232
9 13 353
5 15 776
19 2 998
1 6 567
7 16 731
4 2 769
1 19 349
15 16 121
1 3 545
3 16 108
10 19 365
14 11 986
8 3 521
11 8 499
4 1 211
16 19 409
10 12 908
10 5 576
12 10 876
13 6 337
2 8 415
18 11 755
10 2 70
4 2 373
19 3 960
3 20 256
6 9 643
11 18 215
10 7 23
4 2 293
19 1 315
9 20 739
6 17 741
13 7 240
1 16 558
2 3 402
4 1 581
17 9 779
19 17 469
6 19 323
12 19 611
18 15 750
1 17 763
14 11 775
10 15 132
14 5 679
10 20 692
11 1 850
1 19 787
16 12 613
7 15 507
9 17 61
7 20 259
4 13 367
11 13 524
12 19 524
9 15 402
3 13 406
8 9 526
7 10 678
7 9 658
5 18 723
6 15 686
3 6 751
3 18 338
6 19 720
12 16 289
2 9 351
13 14 980
5 9 295
3 6 780
8 12 846
10 12 831
3 4 270
5 12 915
11 13 494
3 9 330
2 10 253
1 19 213
8 10 287
1 9 102
4 5 799
1 13 81
16 20 317
9 10 604
6 17 900
12 19 478
12 14 561
6 20 11
2 9 968
10 13 249
4 8 916
6 19 763
6 10 769
10 12 134
1 16 381
5 18 503
6 19 308
5 6 693
7 15 664
1 18 854
6 17 783
2 17 181
9 16 445
6 15 75
8 11 562
14 17 19
8 17 312
4 12 406
9 16 246
4 18 894
6 9 52
1 18 383
8 9 966
7 9 653
3 16 131
1 20 993
15 19 252
9 14 834
9 19 723
12 15 41
11 15 719
1 7 894
15 19 773
9 15 426
14 19 533
17 18 797
12 15 324
3 12 495
16 19 25
14 15 428
12 13 546
9 11 604
3 6 921
9 17 544
5 7 346
1 7 670
1 16 563
1 9 460
12 17 726
3 9 617
9 13 332
3 16 302
5 12 381
8 18 255
6 9 671
12 20 855
1 9 663
7 16 26
2 8 362
1 7 290
8 12 24
9 16 812
5 7 387
7 18 511
10 16 754
4 8 684
3 9 724
2 4 947
4 14 779
2 14 731
1 8 330
7 8 356
13 16 846
5 13 805
6 14 189
12 19 986
18 19 995
15 18 364
2 7 740
1 3 562
2 8 531
7 19 38
16 19 509
8 19 809
