40 394 32 29 19
7 2 251
12 20 807
32 9 820
2 35 365
11 37 253
2 29 965
8 16 221
21 17 210
34 14 784
38 3 280
26 21 903
23 15 710
8 16 95
33 35 740
38 19 260
35 34 427
7 31 520
33 14 793
3 38 901
39 24 738
39 9 191
20 26 257
22 37 407
15 31 956
21 16 1000
34 40 508
26 5 279
14 27 883
38 12 750
6 29 817
7 39 663
32 4 421
24 23 110
24 11 810
11 22 124
7 23 938
18 37 962
37 20 745
20 32 555
11 16 318
30 29 964
1 38 741
32 18 68
15 22 875
20 30 231
7 29 181
27 18 42
24 22 15
27 31 646
13 9 462
18 11 783
29 3 576
1 20 417
26 30 568
36 38 993
8 9 319
26 39 918
24 28 579
2 16 193
13 2 818
15 32 780
15 11 568
4 18 542
33 7 190
34 17 361
25 35 364
13 9 731
4 31 359
26 35 4
34 38 838
25 1 407
33 14 387
2 36 575
24 39 476
16 12 943
37 16 719
16 14 495
27 24 740
25 29 200
7 17 709
29 1 377
24 33 127
4 19 218
25 28 338
32 15 277
6 30 986
29 22 283
16 12 947
2 31 720
39 25 798
3 37 192
6 9 172
16 35 787
13 29 956
27 8 345
7 8 749
11 30 44
4 12 857
35 11 619
34 22 852
16 33 336
21 1 842
4 17 657
7 31 463
18 31 998
31 10 80
33 27 153
31 7 191
5 15 354
19 24 42
37 1 716
38 20 926
39 18 475
36 34 212
27 36 425
39 22 863
4 25 800
6 36 656
5 10 388
9 11 927
14 29 597
30 4 540
9 25 938
35 23 179
5 27 458
38 9 651
31 25 738
27 28 66
1 23 290
37 34 897
21 24 524
40 1 353
30 17 523
22 23 446
19 27 950
20 8 285
40 3 245
28 1 217
2 25 276
16 31 932
30 28 110
28 26 417
14 18 829
3 16 104
14 15 433
7 40 802
19 1 124
14 22 719
27 33 764
1 17 85
34 8 219
34 28 561
7 27 460
37 11 844
28 27 494
38 14 329
14 38 263
27 10 673
29 33 640
40 35 547
36 20 751
38 35 653
30 14 844
8 24 4
26 18 6
7 34 714
13 37 979
9 25 2
37 28 910
29 37 502
26 11 470
6 3 738
21 12 252
1 27 633
19 9 95
2 23 138
18 5 687
32 19 208
10 13 399
23 29 764
34 5 302
39 26 962
28 6 7
25 19 600
24 35 663
28 39 211
25 36 24
36 34 304
30 39 388
40 32 117
30 39 873
13 28 381
35 12 918
28 35 33
21 38 402
16 19 781
23 33 882
21 17 626
24 38 566
39 16 117
31 1 878
11 35 452
22 10 712
37 23 129
22 3 435
25 27 837
22 37 28
26 2 402
3 16 192
1 25 293
39 24 242
40 17 636
14 27 769
25 38 729
27 35 925
3 17 705
16 1 233
24 32 621
28 21 651
26 4 816
11 25 811
31 22 923
21 26 135
13 40 727
18 10 989
13 12 665
15 28 692
33 5 710
3 1 82
28 30 991
31 1 338
20 16 429
35 29 341
3 33 797
12 35 554
15 21 243
12 37 972
3 16 564
22 19 540
8 36 470
29 27 38
4 12 520
8 16 330
28 26 180
31 15 896
15 4 168
16 32 40
3 18 749
22 24 205
8 21 309
20 35 320
19 18 775
24 21 839
19 39 89
13 39 739
1 2 151
33 23 815
25 9 507
14 23 729
18 21 444
40 33 839
34 21 859
27 39 71
27 28 232
11 1 286
8 34 508
7 31 480
35 40 955
30 27 465
12 25 611
3 9 407
15 24 639
8 3 651
37 8 866
16 4 959
27 31 876
26 2 862
20 33 871
24 39 581
7 36 971
14 39 273
31 37 729
9 13 837
32 29 595
22 40 269
21 31 580
9 1 481
35 28 185
35 16 467
38 2 283
20 9 662
38 32 540
39 1 443
2 10 510
9 30 153
10 35 900
22 39 452
31 26 562
11 39 253
25 6 316
23 35 884
37 3 494
14 17 383
37 28 676
8 26 871
38 13 683
20 5 772
37 11 214
18 4 726
13 1 436
22 3 112
18 8 189
40 16 721
19 25 79
39 13 371
5 1 970
40 28 951
17 26 815
33 39 278
30 39 545
14 31 398
32 17 314
24 15 627
2 22 483
23 19 211
36 3 738
29 28 290
32 35 66
9 26 612
37 1 457
11 19 893
39 34 807
3 22 609
9 14 274
20 28 889
1 24 872
29 34 765
2 1 693
2 16 264
14 34 794
37 32 403
26 33 933
7 38 94
8 15 991
28 15 410
32 10 809
4 36 527
29 26 635
33 5 755
11 23 611
37 1 52
31 10 831
33 6 64
4 19 294
39 31 833
5 39 38
32 24 990
19 11 683
4 30 736
18 8 300
29 30 717
21 19 545
29 22 633
37 9 104
28 4 229
40 21 376
5 3 632
39 18 462
32 20 677
29 6 270
33 1 645
20 8 632
32 9 39
14 24 487
35 14 584
18 24 904
13 39 928
6 8 656
26 3 235
26 32 131
10 35 578
30 25 945
10 24 550
28 17 931
4 8 302
9 16 268
34 9 274
34 9 939
9 23 75
9 36 502
22 28 651
26 4 873
29 25 610
17 1 78
21 36 450
22 23 203
25 31 993
7 31 598
14 16 602
34 40 596
24 26 725
15 17 535
5 28 929
9 39 564
16 35 965
33 35 21
26 38 324
10 12 998
16 29 805
30 38 442
18 21 554
2 20 769
1 38 866
5 14 603
12 30 282
15 26 125
4 11 664
9 32 505
11 16 848
5 14 889
13 15 731
3 24 29
2 32 623
24 38 78
1 8 592
1 5 38
