70 2128 258 60 51
3 43 338
66 59 575
37 60 581
56 57 50
18 48 493
43 30 84
5 36 390
11 65 989
61 68 112
52 33 462
27 64 977
7 24 674
22 4 6
64 4 502
3 28 968
3 30 520
16 1 734
16 60 820
18 7 311
66 29 408
5 27 426
12 27 329
37 17 331
38 52 437
15 70 516
65 15 830
53 35 475
41 36 867
62 24 918
22 47 497
15 68 97
39 66 79
11 65 737
6 7 803
27 52 76
15 19 735
25 52 77
60 19 28
16 26 246
47 61 340
49 5 581
29 37 736
41 31 6
45 21 126
36 18 279
45 34 968
15 13 138
22 66 344
46 12 131
23 20 667
49 62 562
50 3 890
23 49 810
64 14 241
3 59 43
50 4 971
57 12 760
67 19 991
22 38 138
39 64 805
44 15 204
21 23 207
64 54 578
53 46 475
20 55 400
9 56 322
55 35 606
67 27 298
2 43 866
45 44 738
10 57 146
38 12 969
39 44 431
68 5 195
55 22 415
28 18 70
17 67 242
49 38 339
56 54 923
46 35 248
42 39 784
15 11 842
39 41 398
61 41 224
12 36 93
34 6 95
65 5 150
13 60 418
14 34 718
1 15 347
30 52 137
69 8 819
11 12 526
25 55 90
48 22 203
21 54 306
47 36 255
64 23 436
7 28 336
19 42 567
12 7 681
27 1 994
28 61 395
40 21 426
57 5 459
32 51 230
30 13 904
20 4 954
21 47 302
14 28 242
33 49 186
37 39 83
10 54 740
66 21 482
23 7 528
66 13 249
27 3 406
44 3 848
51 59 509
56 43 988
59 60 401
15 3 424
61 22 838
37 47 962
62 49 760
47 60 481
14 60 846
24 5 428
18 24 828
51 20 782
20 64 572
13 60 673
68 37 230
70 64 97
13 19 492
29 50 488
62 34 264
37 62 946
29 67 577
66 35 659
32 7 672
1 29 622
24 16 329
55 64 914
66 1 257
66 39 894
70 58 961
51 7 969
37 55 534
43 53 136
27 51 432
56 67 949
45 47 872
38 14 730
46 66 445
68 53 969
20 7 689
47 2 898
66 11 831
38 22 999
56 48 972
44 63 475
30 23 162
18 48 8
59 18 618
21 13 649
44 62 515
18 64 626
45 57 634
39 13 364
70 40 920
43 29 313
22 25 483
8 2 520
43 2 970
63 33 49
25 14 936
18 46 842
36 65 652
2 12 319
51 45 47
40 61 586
25 43 590
7 59 124
52 49 78
10 17 187
44 64 273
38 28 619
64 7 822
54 27 546
44 65 8
63 11 267
3 9 748
36 35 786
44 25 582
56 52 932
20 8 680
13 43 178
2 17 231
38 55 348
53 19 144
39 53 800
20 23 659
46 40 647
45 64 398
24 62 412
56 18 875
46 69 710
49 1 368
8 26 422
6 65 537
68 55 637
53 30 540
50 16 990
42 21 497
62 31 728
33 40 323
62 8 335
19 17 593
56 67 399
58 13 216
28 11 99
61 1 364
10 47 923
8 39 253
23 26 354
4 42 824
44 61 337
5 60 351
66 18 406
17 24 842
67 9 60
44 55 34
22 47 352
70 57 976
44 33 949
64 69 607
45 9 789
6 65 105
5 54 127
63 32 200
33 38 785
64 25 308
56 7 97
28 40 283
51 27 225
70 10 348
49 45 689
38 8 406
64 70 315
70 36 220
21 8 551
2 41 169
19 36 211
55 40 105
55 46 939
11 63 825
28 21 391
59 36 880
39 3 974
49 61 489
4 12 894
50 15 899
9 29 362
45 35 37
30 13 298
52 47 879
16 32 338
58 66 734
11 45 892
6 37 922
37 17 500
55 35 376
13 43 410
63 7 879
27 67 109
17 20 597
70 49 432
62 22 80
9 38 977
36 61 518
58 46 383
42 27 423
40 57 681
34 55 266
34 6 261
45 22 862
31 16 313
69 7 267
36 60 558
60 31 437
62 18 82
40 17 501
67 69 595
59 36 893
53 63 949
11 65 847
24 66 241
36 53 518
53 30 363
13 55 999
53 11 84
22 6 462
7 63 609
8 54 114
20 8 480
44 55 819
40 44 347
14 35 183
33 4 80
54 36 323
10 28 913
24 26 289
11 52 620
20 52 522
35 3 441
47 67 264
4 29 708
65 41 740
5 41 75
68 41 682
64 67 12
59 34 537
59 13 514
5 37 715
45 44 112
45 5 4
34 66 1
52 55 464
70 64 960
27 54 389
3 8 107
65 46 567
57 26 841
11 28 914
21 9 598
58 54 462
2 16 609
31 47 821
54 12 244
17 28 383
46 60 65
29 13 507
50 47 525
47 60 274
50 43 820
17 40 393
5 19 5
59 16 352
23 4 781
26 32 760
3 16 698
2 38 525
4 47 832
65 31 277
7 69 385
19 43 580
56 11 662
14 54 536
7 13 719
53 14 880
18 52 962
12 6 95
13 59 564
51 65 294
38 23 608
54 63 653
16 59 271
18 25 190
58 9 36
37 30 355
7 22 22
28 69 159
21 43 959
61 55 619
18 23 876
46 6 802
57 70 693
60 9 69
25 14 693
26 32 894
53 31 42
6 59 0
21 55 151
34 30 539
37 52 414
21 57 606
13 68 360
15 3 966
19 33 786
20 44 89
44 11 319
6 35 29
21 57 89
61 21 81
28 29 221
59 47 981
7 59 38
23 57 495
26 48 964
5 11 871
34 51 346
54 14 521
67 15 293
55 12 219
12 24 484
38 33 382
58 3 998
66 46 577
30 43 826
39 4 471
5 33 931
32 55 737
13 14 258
23 66 701
16 40 369
68 11 467
45 57 417
31 7 319
29 38 889
7 69 208
37 11 861
8 35 300
21 63 410
22 56 747
24 57 476
2 1 959
68 4 91
12 65 498
12 54 977
1 24 280
45 53 15
32 39 68
48 60 837
44 38 3
47 67 993
31 43 484
36 28 637
13 65 93
27 49 473
40 56 3
24 60 113
11 59 872
50 57 388
20 11 697
10 4 237
68 26 501
45 58 330
68 13 153
52 50 706
28 8 358
12 58 844
25 2 663
64 46 245
65 51 966
36 23 42
4 31 435
2 36 786
40 18 97
52 18 838
19 42 428
59 19 620
50 8 244
46 7 374
60 46 461
41 31 40
20 59 836
56 17 819
19 8 822
40 67 259
38 56 454
37 57 450
55 68 467
60 7 739
11 4 216
56 59 937
39 1 899
2 37 700
45 32 183
58 21 618
63 57 915
11 26 505
11 20 345
7 12 436
46 8 437
9 42 457
49 1 105
14 54 483
40 1 821
32 39 300
29 32 35
65 29 299
15 7 376
16 59 856
24 70 619
58 60 178
12 4 606
44 9 473
6 38 261
15 51 9
46 38 473
48 45 244
48 70 188
17 66 167
52 50 938
45 47 818
30 70 593
26 1 143
31 36 74
45 38 998
12 23 188
38 14 38
61 30 630
1 19 531
31 62 333
34 30 342
41 46 809
8 64 176
10 56 758
69 40 204
7 5 652
31 36 545
16 39 343
43 54 926
57 22 991
14 15 667
33 53 398
55 35 522
14 52 814
21 11 154
29 16 691
17 70 564
15 40 808
41 51 487
63 5 198
62 23 42
65 8 431
37 56 573
38 2 162
47 19 128
25 65 331
59 43 670
38 70 216
66 41 903
46 27 8
17 40 513
10 14 100
56 62 398
3 58 470
49 55 982
9 2 95
23 70 129
11 18 509
67 41 355
42 37 739
50 55 132
47 7 396
12 48 212
43 22 619
28 69 832
57 34 16
59 64 297
2 47 320
21 33 801
62 36 487
13 33 991
66 23 755
37 35 96
27 23 282
45 43 262
19 62 871
68 53 509
25 39 785
15 51 362
1 43 447
58 68 916
62 19 965
19 17 45
44 7 227
51 47 438
29 52 869
20 3 115
44 49 489
12 46 817
8 13 964
5 25 419
39 52 534
45 29 893
18 11 383
68 15 29
63 11 203
45 26 824
13 11 800
56 39 484
51 13 8
65 40 122
3 21 249
6 62 984
22 31 511
17 28 650
12 49 162
70 68 680
14 45 332
66 2 650
19 55 844
13 9 57
12 51 500
46 28 874
34 52 755
68 18 277
56 41 342
44 39 314
15 60 465
13 67 40
37 32 309
67 36 652
8 40 823
40 20 889
53 8 164
55 50 896
18 69 608
60 67 35
20 57 979
13 68 120
2 25 678
62 41 713
19 2 28
53 69 179
49 51 53
5 46 352
2 69 226
1 69 839
61 36 257
26 31 514
59 36 574
62 22 965
58 30 735
37 55 859
58 53 453
67 19 275
57 62 984
61 64 175
48 20 916
31 11 301
65 33 72
35 42 230
59 27 237
10 40 568
19 21 18
24 43 59
37 11 235
6 50 856
66 28 512
18 26 250
58 51 277
23 38 506
26 36 197
35 5 204
59 15 384
40 67 955
22 4 196
67 6 843
34 3 565
69 43 413
49 33 856
37 28 36
20 4 140
54 67 270
12 19 780
63 17 636
16 65 572
49 7 611
42 22 280
54 9 408
31 17 888
56 54 99
68 22 363
61 3 973
16 49 829
44 21 83
21 70 416
9 34 246
27 3 904
10 23 240
3 6 780
59 17 937
59 7 249
41 58 415
13 23 875
2 37 326
69 13 519
66 43 667
42 4 733
51 17 902
1 31 407
38 66 394
59 21 534
25 36 830
3 13 531
34 17 453
54 55 393
54 2 9
60 55 828
24 27 985
52 25 494
17 5 623
21 45 192
48 10 429
15 11 381
58 66 107
2 1 938
60 39 856
21 52 761
30 28 101
70 10 637
64 70 604
69 68 962
52 66 652
29 16 857
67 45 20
34 63 662
34 13 87
49 59 732
5 19 844
61 7 380
9 23 83
40 31 303
27 70 511
57 30 724
34 27 107
65 19 877
56 62 299
60 63 781
16 61 276
30 29 223
48 30 765
58 25 842
47 21 339
62 26 254
64 29 729
14 43 234
13 46 445
12 33 128
60 11 626
20 37 32
30 4 251
31 19 491
19 61 686
13 19 198
26 34 108
12 17 305
56 4 594
7 22 367
11 8 782
34 52 522
59 66 158
2 66 765
50 32 961
3 20 92
44 38 116
64 8 354
42 49 442
20 66 216
10 68 973
2 38 559
13 62 402
19 26 970
30 41 151
25 50 852
66 40 456
7 9 755
17 56 793
29 20 449
11 13 321
19 66 755
25 32 431
1 42 890
16 33 697
12 47 776
47 17 709
48 2 140
60 39 800
69 61 517
38 45 27
64 44 554
39 10 451
26 43 183
52 11 395
66 43 444
42 14 740
8 50 917
34 28 685
41 48 857
2 13 605
20 66 62
56 49 304
33 5 589
55 63 443
37 2 339
16 4 732
45 56 329
9 7 463
66 24 322
37 69 105
43 52 222
70 56 152
53 61 871
6 34 139
9 10 739
21 10 806
68 50 264
61 45 858
39 70 307
25 69 159
1 61 713
42 51 2
1 26 383
13 65 788
7 14 837
13 70 85
27 7 304
3 49 215
17 3 345
60 8 249
38 3 407
62 37 76
57 2 65
57 33 318
3 34 357
16 12 52
38 28 436
18 70 234
5 15 664
51 38 584
61 27 557
4 70 978
9 38 670
4 69 604
35 6 306
27 18 62
12 38 141
8 36 721
7 44 985
39 21 54
22 48 674
1 6 274
60 8 900
37 43 79
66 60 356
44 43 947
48 53 840
64 6 917
68 42 250
62 22 604
62 39 773
9 15 26
67 34 860
35 7 248
13 41 421
45 56 970
70 27 385
18 41 40
30 44 787
36 56 783
2 12 90
66 9 282
12 59 622
9 14 676
52 41 668
4 2 828
6 55 430
8 12 461
30 39 75
2 61 103
47 24 561
64 33 767
50 30 682
52 45 265
50 4 401
46 30 405
55 2 412
40 25 39
42 29 331
68 49 243
68 16 66
32 11 825
49 13 28
7 67 671
36 50 577
42 66 599
53 52 478
8 39 577
52 26 637
37 26 775
11 22 726
57 56 798
52 22 752
68 12 976
38 40 498
28 30 292
29 63 703
16 9 516
26 35 908
33 1 144
4 5 564
34 47 488
21 34 482
51 50 947
17 10 714
1 3 585
2 32 444
2 55 19
56 15 546
46 57 870
33 20 278
53 16 654
35 1 851
34 56 923
52 57 723
60 65 740
67 10 182
30 50 690
29 62 455
70 8 603
4 31 822
40 67 669
38 17 527
33 67 740
70 31 443
36 42 298
18 9 935
63 15 798
19 37 364
47 7 332
26 61 915
28 15 532
46 58 25
5 63 899
12 55 187
11 39 131
20 50 271
62 58 442
50 15 791
4 47 286
4 12 557
5 40 915
48 9 489
40 31 580
21 54 531
11 51 370
2 68 989
39 23 816
55 49 877
53 11 673
24 28 129
48 37 300
24 33 244
23 16 43
11 59 166
56 30 250
36 65 151
44 4 768
33 9 110
4 56 375
19 62 254
19 3 842
8 28 916
22 27 27
8 60 194
43 6 524
65 37 276
20 39 9
12 8 353
37 48 356
8 35 402
36 24 383
12 64 779
48 54 101
2 33 865
32 2 576
44 68 910
16 61 386
51 25 183
25 47 180
35 54 559
31 24 366
13 49 704
6 39 644
36 41 557
55 31 167
5 37 980
12 31 723
31 61 369
14 7 915
34 57 217
53 38 7
15 44 429
15 51 288
15 57 368
40 9 258
66 29 580
69 31 241
25 23 888
8 41 351
26 61 64
27 49 961
63 1 85
57 35 143
1 37 5
19 39 525
42 4 702
28 22 888
64 36 567
39 29 332
65 26 113
11 58 461
69 2 335
56 36 261
44 17 589
50 52 123
66 59 845
10 40 913
55 39 650
31 46 115
36 5 216
34 10 419
47 7 541
26 20 943
56 5 309
68 46 939
38 41 576
65 58 940
61 28 431
27 7 483
8 47 78
54 57 938
29 51 519
45 39 437
55 52 710
1 46 332
24 15 54
41 44 992
61 16 987
36 70 582
18 27 43
54 65 389
14 64 514
28 52 371
7 67 474
33 2 423
61 2 679
63 5 189
58 24 236
54 26 662
65 67 773
7 35 414
26 59 394
20 31 973
18 32 772
36 23 749
59 62 121
34 68 85
67 19 587
32 67 770
25 1 278
58 49 651
6 20 839
49 43 446
23 19 190
52 34 915
4 59 50
41 67 175
31 15 238
23 70 506
45 59 521
28 3 469
65 14 227
33 38 336
65 70 653
58 38 390
64 16 39
19 42 209
5 10 840
29 25 986
2 40 573
4 45 681
20 28 279
16 32 586
69 5 842
64 5 560
14 49 725
47 40 397
22 6 962
10 29 353
16 21 512
24 4 622
69 37 501
17 8 956
63 4 420
20 28 436
49 51 849
63 43 39
69 44 927
27 19 666
41 67 803
58 57 767
17 4 320
30 7 485
53 57 219
37 15 126
65 30 40
5 17 339
56 41 333
2 11 644
60 19 386
50 68 204
59 47 454
46 18 936
57 52 539
2 41 901
10 66 333
44 27 187
64 66 30
35 12 329
31 62 16
48 60 621
6 3 265
20 68 571
67 61 407
65 56 973
39 22 258
49 52 269
70 10 972
12 62 477
29 20 372
2 21 815
50 1 155
23 69 917
33 64 994
18 1 729
6 62 170
48 41 729
5 8 761
11 22 185
34 22 327
68 65 621
36 65 546
25 12 497
14 11 581
11 30 305
47 45 995
60 12 396
34 9 244
16 4 943
6 40 160
22 36 836
33 29 748
10 2 447
40 61 745
68 1 987
63 49 417
23 57 511
54 23 586
13 56 415
32 53 299
44 4 417
31 52 594
58 4 601
58 25 395
22 14 115
56 17 603
42 63 560
22 30 239
58 13 506
45 70 187
4 23 112
32 58 758
25 40 163
2 11 755
33 2 887
42 35 879
45 57 927
65 40 201
56 20 586
18 3 234
35 17 555
3 68 705
4 16 719
9 18 931
29 57 774
62 66 49
24 2 785
30 18 726
29 56 666
28 26 409
69 46 530
22 67 778
15 66 619
63 25 981
15 18 313
70 33 392
60 7 909
6 41 896
58 29 527
12 26 522
29 49 397
51 25 856
62 9 45
30 45 227
50 68 521
16 13 493
66 34 982
67 12 374
48 29 84
4 34 750
65 47 747
15 69 256
22 30 867
7 33 665
59 3 885
65 36 594
61 48 948
2 6 923
56 70 47
49 23 824
4 31 451
44 45 35
32 24 984
56 27 908
66 67 233
2 4 706
48 5 76
31 52 296
58 49 683
9 38 485
15 4 104
39 19 318
42 39 579
64 9 500
22 37 740
60 18 235
47 15 688
4 61 451
54 43 387
29 34 637
4 43 668
6 3 222
45 59 818
21 52 199
18 4 835
49 59 494
52 31 950
3 6 87
33 48 970
70 52 108
23 13 39
47 8 275
14 38 25
23 12 977
12 30 109
7 34 355
30 54 387
38 1 804
1 18 678
45 58 974
31 34 526
53 57 683
25 21 417
40 50 837
39 15 297
9 46 587
5 22 244
68 1 908
49 66 367
31 20 69
46 28 547
49 34 792
60 1 280
43 54 723
37 5 289
1 27 130
48 39 962
62 64 249
46 9 161
6 25 976
55 17 765
37 31 426
49 24 900
40 50 814
62 35 716
63 61 204
24 45 89
46 27 443
17 8 242
45 44 6
60 8 934
5 8 551
36 61 402
53 64 268
26 40 681
60 21 500
24 14 222
65 59 665
52 62 375
33 3 665
20 69 747
56 40 786
5 18 344
44 60 517
10 4 462
2 63 355
41 33 743
42 40 892
42 51 147
69 49 269
21 14 54
68 31 395
24 28 98
33 40 933
23 12 450
70 50 294
24 11 539
5 51 907
38 13 480
18 6 359
70 18 427
32 26 372
26 59 118
4 18 582
37 20 901
51 20 855
69 67 852
51 59 29
26 4 39
60 10 360
13 59 867
36 4 639
39 38 661
15 44 915
26 32 402
70 56 431
21 51 592
6 45 656
24 27 295
44 66 51
26 49 720
4 13 216
18 39 513
36 26 25
23 38 421
48 44 406
64 12 346
61 41 349
23 57 965
64 8 83
49 3 255
22 47 481
65 38 43
65 23 180
3 9 422
37 6 979
60 28 650
25 8 958
50 4 75
25 8 549
70 54 398
25 49 995
53 30 93
48 69 31
37 28 890
23 33 728
63 34 460
51 67 921
64 1 430
15 40 634
32 64 703
46 48 181
10 66 898
59 18 812
34 1 38
38 21 675
51 6 272
8 31 476
69 47 720
50 32 379
40 38 38
18 58 480
65 39 811
45 3 448
43 49 422
21 9 436
2 24 451
69 42 232
26 20 274
63 15 603
1 43 31
17 55 238
23 52 840
54 44 559
4 30 789
49 36 422
13 20 906
27 50 499
19 54 981
25 49 455
40 53 287
9 2 716
37 40 324
70 56 169
59 45 24
6 56 898
59 51 104
39 48 678
19 25 773
11 37 505
32 22 202
10 68 404
6 55 300
24 23 758
27 60 706
45 49 55
64 17 284
48 13 650
54 39 606
51 33 100
25 26 299
56 44 75
5 48 966
3 45 491
60 6 306
24 59 308
12 3 309
64 67 635
63 32 152
22 36 825
65 56 710
52 43 704
5 22 806
31 27 554
46 36 848
56 24 632
55 6 553
46 57 907
62 38 637
39 45 249
34 35 492
59 58 97
63 46 293
2 31 192
6 67 143
44 7 825
34 38 911
25 43 486
48 26 49
45 60 805
8 55 18
48 31 164
43 36 226
57 33 806
29 31 626
19 59 532
51 27 419
23 51 353
60 8 858
45 40 454
30 68 78
34 39 359
27 43 463
12 3 708
41 37 480
53 5 515
56 16 726
53 35 537
41 60 383
62 4 773
18 30 249
36 41 725
17 44 618
64 33 748
10 3 125
32 66 355
64 58 512
55 7 917
37 15 504
2 12 313
25 11 552
5 39 821
33 20 125
6 57 578
61 5 518
70 67 945
59 49 612
14 35 665
54 20 452
56 61 890
28 27 641
34 31 633
28 4 774
43 14 12
6 37 864
34 31 224
46 11 84
50 16 104
59 67 522
3 6 773
40 67 817
31 61 141
63 30 661
67 7 935
66 11 671
62 16 701
31 1 132
6 37 347
33 15 697
58 56 460
47 48 72
5 34 495
57 27 284
46 17 141
23 25 182
19 31 437
67 4 83
40 26 878
36 42 652
35 18 1000
36 67 336
54 50 694
52 64 190
33 48 298
54 31 945
13 34 343
4 20 951
30 22 729
63 56 29
61 7 638
69 5 382
67 38 238
29 62 449
65 51 938
52 68 546
9 22 232
64 63 980
27 6 869
55 1 781
31 4 621
14 15 430
62 70 289
12 63 149
19 1 368
69 42 12
68 2 236
15 55 25
33 64 521
29 59 272
63 69 848
65 44 153
24 20 785
38 54 609
44 55 162
57 62 682
54 61 19
66 28 992
65 1 456
65 14 395
19 43 522
2 34 173
34 1 325
38 3 685
31 21 687
2 35 626
36 43 499
53 12 223
16 61 223
43 50 817
39 48 314
38 18 26
21 49 796
35 15 59
50 63 281
51 63 806
67 10 804
1 26 0
29 27 73
32 59 394
30 67 955
4 29 882
57 66 894
11 9 689
68 12 155
70 2 363
13 56 63
12 31 416
48 29 645
20 5 706
18 7 284
58 48 850
22 36 376
30 2 718
66 44 131
68 33 708
17 23 321
70 67 879
10 37 209
8 16 360
32 38 433
54 52 683
47 7 257
28 15 457
61 58 399
31 47 815
64 18 652
40 54 632
28 12 568
33 29 265
14 62 557
60 14 862
38 42 602
6 37 16
54 8 798
41 14 829
21 63 604
56 69 805
31 10 379
70 37 311
65 22 73
65 2 918
59 11 797
65 50 549
19 47 315
27 6 705
49 9 946
35 34 125
28 63 483
31 57 612
59 51 875
27 16 526
42 54 494
50 56 617
17 30 844
34 23 288
30 64 130
7 20 644
50 46 838
7 23 915
30 55 310
40 46 8
23 53 421
26 54 297
23 48 751
14 19 995
42 11 425
34 13 917
4 29 934
36 29 953
3 43 170
17 35 406
62 7 455
55 8 899
1 43 851
44 36 658
59 47 733
27 43 112
66 5 701
62 35 230
28 46 556
64 33 132
37 32 350
22 18 639
61 55 505
58 5 73
8 55 547
23 7 53
64 44 635
28 18 344
65 14 581
5 15 549
47 38 620
28 32 248
30 47 548
32 2 105
17 38 43
5 70 830
37 42 107
48 19 575
19 33 551
17 38 308
69 50 444
57 17 874
31 69 540
22 65 728
3 44 493
22 70 843
19 27 67
54 22 519
46 8 137
46 33 310
35 63 523
51 32 137
13 36 829
67 11 698
20 48 130
1 65 823
53 15 491
8 53 901
33 8 451
19 31 603
29 45 693
14 43 295
43 6 452
55 30 239
8 36 668
16 35 958
66 27 41
52 64 91
20 15 977
40 44 805
33 50 834
64 40 511
23 14 167
17 69 286
39 21 122
42 22 815
18 4 594
66 30 841
39 50 859
23 10 547
57 56 526
62 31 492
60 18 151
4 58 182
26 2 868
43 15 519
50 60 716
11 5 486
53 58 932
7 10 925
14 51 513
66 10 904
60 18 7
65 64 176
57 21 955
70 6 775
43 57 143
12 53 122
42 32 577
21 25 247
23 63 36
7 51 59
27 52 513
28 1 492
3 13 536
60 68 129
33 15 974
10 51 958
56 49 532
6 38 180
45 33 946
4 22 93
12 39 753
3 51 540
25 47 327
67 28 983
54 69 948
27 37 627
38 3 622
41 70 901
27 44 257
6 20 512
16 60 79
29 18 643
10 44 173
2 59 368
19 5 926
45 35 884
18 25 527
39 53 446
69 22 362
40 43 426
30 36 640
13 17 37
67 66 493
59 61 444
43 67 434
24 2 501
54 40 633
43 54 580
61 17 700
57 62 946
5 3 617
2 22 341
32 40 848
12 9 185
63 9 316
55 62 809
32 58 981
48 57 271
70 23 853
33 28 754
41 53 601
16 48 877
37 4 567
3 26 172
38 27 439
45 34 492
2 44 895
2 38 443
45 55 960
55 25 634
37 50 948
65 39 724
2 60 610
14 18 159
38 62 252
32 10 164
43 27 203
54 14 184
37 46 52
3 59 1000
16 12 522
7 52 637
8 47 261
38 15 298
14 49 267
37 40 731
38 47 101
63 15 902
52 22 581
11 48 692
5 10 768
15 17 59
16 68 251
43 13 281
5 25 747
44 63 163
34 24 599
6 59 857
61 35 450
62 33 229
55 26 58
49 18 150
34 20 305
36 14 811
44 29 26
4 57 933
35 24 627
52 68 525
45 14 360
49 68 910
55 31 932
57 19 313
17 12 216
65 62 28
13 51 531
55 23 784
11 6 565
3 61 505
1 24 185
36 49 889
54 51 506
48 15 97
1 50 997
29 25 603
47 57 885
57 26 824
34 33 251
35 64 676
8 66 206
69 44 158
42 17 238
50 43 947
41 70 714
32 42 837
22 26 557
68 44 863
2 61 779
46 15 836
49 7 131
30 28 449
7 42 1
47 28 835
65 45 339
17 53 760
10 7 189
61 56 90
67 46 412
22 33 201
46 68 554
27 43 762
13 63 203
67 7 606
61 11 60
32 44 487
33 29 123
69 10 937
27 8 282
18 62 765
55 2 872
10 3 460
58 28 971
32 15 465
31 20 17
16 8 64
51 39 705
69 54 570
30 64 649
48 58 286
35 19 371
11 19 694
31 41 225
62 5 785
63 20 709
33 11 491
34 64 206
53 66 922
9 56 971
56 20 370
54 16 79
54 44 815
53 1 829
16 46 742
60 69 632
59 15 136
68 6 44
12 53 553
29 37 845
43 2 229
37 69 607
65 56 868
61 30 967
21 54 592
46 29 473
19 44 140
31 49 322
19 36 550
37 44 290
49 44 245
39 26 537
17 65 27
55 4 607
42 5 617
43 45 986
57 50 487
29 47 342
34 21 751
64 36 782
40 63 830
21 44 30
56 35 511
29 20 918
32 24 503
8 7 136
13 15 13
30 23 49
14 16 1
62 2 441
3 58 951
24 26 795
25 1 503
59 21 430
51 54 945
67 58 245
68 34 97
19 42 48
20 32 906
68 25 951
69 12 455
64 38 311
20 51 776
62 34 923
62 15 681
26 12 930
62 33 320
54 41 656
28 41 986
61 48 480
61 70 993
58 35 690
13 21 824
38 37 204
66 38 196
3 32 381
23 31 101
24 62 960
48 23 151
56 39 85
63 21 986
18 47 846
17 11 800
33 69 139
69 31 711
58 40 23
66 4 813
5 57 358
53 42 833
70 10 160
32 9 365
32 2 326
41 47 435
28 56 942
7 60 133
42 20 591
3 57 302
32 19 909
12 56 152
61 29 974
45 23 104
40 47 179
15 25 310
47 59 347
8 38 872
6 31 431
19 32 933
16 62 895
49 59 870
36 14 856
13 60 769
7 35 462
44 46 160
9 18 780
20 33 982
38 35 270
22 45 639
38 46 428
61 15 149
15 42 519
25 27 379
57 67 520
4 40 372
20 11 441
45 52 409
31 29 594
44 70 983
3 30 828
4 40 637
63 66 983
61 54 607
19 14 892
14 55 611
69 26 213
45 42 889
29 51 148
48 4 514
58 39 398
30 10 239
47 53 178
67 17 337
12 22 149
8 51 271
36 41 971
10 48 294
66 6 67
39 30 464
22 37 877
15 4 506
51 60 819
31 14 708
26 44 677
36 38 938
5 68 600
69 48 852
22 64 341
22 5 26
24 8 439
47 57 943
34 8 365
66 59 837
63 14 805
38 68 666
45 22 664
4 70 269
49 28 91
52 53 702
44 12 93
70 32 495
50 10 154
22 45 220
26 25 821
19 44 869
6 39 891
34 63 682
28 14 130
17 28 869
10 64 480
37 8 688
16 26 302
37 31 671
1 4 507
70 67 494
1 23 111
41 62 135
3 15 20
40 65 995
19 28 902
35 29 610
13 52 359
6 31 519
63 3 400
41 43 386
61 48 823
53 58 469
38 36 94
55 42 293
4 29 631
58 65 9
33 8 616
15 2 162
45 53 871
31 2 579
32 34 500
47 57 524
11 54 854
37 55 260
36 65 100
56 33 619
27 55 277
9 54 798
45 49 464
45 33 748
56 15 341
9 20 805
61 37 907
54 6 609
44 16 89
25 68 890
56 17 121
60 23 984
31 38 888
41 57 419
8 41 513
1 21 168
20 52 223
28 44 758
10 20 374
38 51 528
47 66 247
22 32 596
14 24 978
45 48 787
34 69 647
9 60 773
51 63 97
1 53 376
33 48 228
43 67 334
15 57 141
25 69 290
53 67 154
7 68 354
8 67 76
11 15 841
8 44 328
20 56 540
33 66 261
22 34 186
40 53 256
30 46 580
48 60 241
40 46 827
27 39 538
39 49 97
27 67 703
27 62 51
17 19 680
24 53 305
38 68 235
16 60 914
21 35 764
59 65 810
41 42 514
20 63 356
13 65 592
29 68 722
10 63 182
57 58 702
6 66 532
9 20 192
34 61 199
14 58 84
27 34 974
22 42 312
47 49 946
11 41 26
22 40 49
18 26 848
13 51 620
54 63 183
2 21 535
24 28 760
33 55 821
24 66 88
59 66 683
27 47 919
47 60 21
47 59 184
22 58 338
18 63 842
1 38 773
55 56 613
29 34 731
55 70 795
2 21 336
16 37 349
21 53 356
33 55 21
33 68 894
35 59 803
63 64 163
4 6 413
10 59 964
14 66 673
20 54 202
27 39 771
22 25 444
9 55 554
37 51 367
61 64 41
19 67 53
1 9 776
6 25 810
31 32 944
3 23 597
19 70 754
34 58 954
22 27 178
32 35 722
13 32 702
38 42 277
5 64 27
3 50 781
45 50 676
26 55 531
34 55 430
29 37 832
37 65 459
10 42 806
14 35 370
14 42 720
19 44 728
48 65 972
55 60 578
43 53 536
19 47 580
12 58 590
46 53 707
27 63 577
31 46 987
5 27 135
21 33 931
9 30 959
15 37 146
40 66 539
25 31 472
2 33 88
6 61 609
3 42 294
32 42 9
3 50 127
1 41 67
38 42 590
34 45 794
47 64 891
12 34 708
38 68 737
22 27 292
24 67 452
32 33 1000
42 68 724
15 44 361
19 21 35
18 64 596
46 59 405
25 42 401
38 39 340
31 66 290
22 24 982
5 42 501
14 59 48
54 67 429
56 67 557
1 4 804
9 26 289
4 38 399
12 51 781
51 68 190
38 60 765
32 43 76
55 65 224
40 50 126
29 44 66
25 41 252
8 34 524
36 49 12
48 68 776
27 32 703
56 57 485
15 39 986
12 38 408
31 54 986
53 65 870
56 70 46
28 36 755
29 59 588
14 32 923
40 49 966
26 51 485
21 41 75
15 23 370
5 31 319
9 43 17
8 49 570
49 52 779
25 65 913
10 67 926
14 57 326
22 33 269
18 36 455
10 21 639
27 34 717
51 68 731
24 64 505
11 39 800
39 62 837
38 64 602
16 25 744
2 41 9
10 43 242
48 52 528
45 55 628
34 68 365
11 39 882
57 65 459
29 36 270
60 66 548
49 54 58
43 52 511
1 38 516
61 62 706
6 51 487
38 61 349
18 45 606
4 29 823
7 21 388
47 69 779
27 65 758
40 56 420
14 36 976
41 62 560
9 37 410
30 33 693
41 43 827
50 66 360
15 38 694
67 68 734
2 62 189
8 15 172
26 28 691
21 30 606
23 40 858
3 11 173
20 23 823
13 54 217
45 63 234
19 56 278
6 50 72
13 70 655
44 59 33
38 41 732
22 40 296
54 58 519
7 45 320
23 42 757
49 51 405
5 65 961
63 68 970
41 70 307
36 58 624
7 16 540
16 40 38
15 38 269
1 33 887
32 59 92
49 52 431
29 57 925
33 66 360
3 23 296
18 67 351
