100 65 201 19 61
84 47 748
17 24 153
86 5 370
40 92 179
55 68 242
79 46 452
95 96 385
23 25 828
14 27 364
18 69 943
52 14 171
24 66 447
16 2 615
15 72 487
68 20 89
12 81 380
81 37 513
35 44 344
52 19 914
3 5 350
87 60 1
48 80 537
15 11 711
29 99 466
55 48 205
52 88 162
80 14 896
85 70 872
60 7 638
80 58 301
78 10 338
57 58 486
65 49 481
38 19 175
30 29 671
90 2 784
15 3 331
55 72 397
10 7 852
3 34 669
60 50 627
70 100 348
16 48 891
85 55 968
19 93 556
2 77 674
87 66 830
9 7 372
54 31 883
72 95 787
10 53 110
32 11 168
22 24 678
54 87 183
81 83 905
89 41 306
35 66 196
97 87 728
56 92 667
67 66 391
11 51 759
21 31 332
90 60 114
83 79 134
54 41 975
27 55 407
44 64 370
61 92 708
59 68 393
14 65 714
25 61 985
33 67 544
20 92 973
4 94 904
9 60 496
50 58 152
42 83 80
44 76 499
19 49 643
17 29 902
3 20 985
35 51 11
19 37 113
54 56 349
23 76 549
13 70 988
48 89 100
88 97 237
77 79 131
39 60 472
13 44 713
5 32 367
14 97 967
6 97 840
14 70 739
33 59 160
11 37 785
4 29 697
27 76 626
48 83 965
68 82 584
5 99 716
55 95 349
48 67 978
39 95 316
1 14 325
5 86 288
5 82 544
12 51 453
67 82 915
40 97 438
16 91 711
16 88 276
7 19 810
15 99 389
24 64 618
35 68 59
9 39 519
41 90 422
20 41 632
72 98 358
20 60 709
67 76 721
30 83 332
9 85 31
83 100 193
18 61 670
40 87 994
2 41 42
13 15 812
25 47 647
25 46 941
24 50 832
37 78 839
28 62 244
59 94 893
7 41 397
79 86 618
37 49 812
26 34 134
3 8 727
84 86 940
41 44 674
71 79 297
22 71 68
72 80 775
14 51 757
5 51 799
4 38 969
30 57 571
30 57 809
22 94 353
18 80 670
58 74 712
33 49 519
33 37 17
65 77 576
50 92 821
13 64 270
10 83 880
7 56 180
4 91 159
29 56 265
28 29 892
26 96 596
68 84 700
20 81 900
85 89 261
18 70 783
81 85 325
24 81 277
17 43 401
43 62 305
6 27 289
67 88 811
69 99 998
48 81 939
47 98 642
31 94 526
9 66 423
65 95 241
18 73 498
35 51 579
40 99 373
59 99 816
54 60 789
25 90 407
2 83 313
96 99 556
32 89 43
10 51 358
15 78 514
63 85 538
26 44 718
54 78 968
2 30 368
56 82 176
1 36 548
7 63 976
16 56 120
23 34 857
20 99 254
33 53 159
4 37 39
14 98 572
62 93 804
56 72 631
25 45 679
21 95 311
44 85 720
84 95 941
27 46 759
4 94 658
33 59 74
36 84 109
12 13 957
24 60 416
42 95 537
20 28 879
32 34 114
18 94 799
19 53 778
41 86 476
32 50 714
24 92 332
28 63 811
14 52 122
49 89 791
32 80 520
21 58 715
34 99 810
6 10 599
19 34 163
38 80 152
89 90 905
29 91 224
36 99 639
28 93 747
10 61 732
69 95 407
49 53 666
47 82 569
9 74 301
25 90 123
21 72 505
70 84 288
16 77 576
14 63 737
52 59 641
13 40 163
74 83 556
76 78 124
28 94 583
42 78 900
96 100 401
1 7 594
51 74 550
24 83 269
25 51 8
2 30 413
48 56 984
7 20 275
32 95 933
89 94 632
1 99 414
23 63 343
