90 375 46 43 80
28 7 611
41 85 746
43 59 538
82 76 636
26 37 79
15 72 895
61 89 809
6 77 732
17 2 271
35 39 622
25 5 662
27 57 717
8 70 862
45 73 178
67 29 385
46 37 471
47 17 576
19 74 720
15 22 112
42 63 500
1 10 819
26 75 357
47 60 659
24 38 554
83 74 419
8 23 264
59 65 28
77 57 935
84 31 691
21 45 151
1 10 37
67 42 161
36 32 842
63 25 921
82 23 633
17 40 908
16 5 429
2 81 736
63 67 383
21 67 704
62 21 233
57 15 20
17 75 758
16 13 51
69 16 586
82 47 711
27 39 348
59 62 893
29 70 99
41 75 510
51 57 78
39 64 391
32 34 574
46 48 340
22 3 916
58 21 170
65 52 855
13 77 777
24 20 598
12 38 170
42 5 471
14 30 743
81 38 727
64 12 450
74 77 707
16 44 514
2 66 45
10 22 677
87 63 937
35 38 521
52 2 786
61 24 283
31 39 508
74 3 125
76 61 396
89 16 355
32 37 48
23 37 439
17 51 898
43 81 119
87 41 154
42 23 901
51 89 621
12 78 844
28 15 320
15 43 766
85 3 637
88 64 883
46 55 329
69 90 224
41 43 719
45 17 998
40 16 989
20 87 327
44 86 64
73 34 925
60 6 415
78 15 556
7 76 358
18 11 736
53 89 911
62 57 400
66 67 108
1 71 201
62 45 938
32 77 340
74 29 527
78 72 491
4 48 783
59 67 282
58 78 239
64 69 672
50 43 613
61 35 479
27 30 485
8 60 862
65 83 148
9 90 119
47 49 820
47 64 64
4 78 509
77 15 871
69 82 219
80 66 922
4 19 306
32 7 770
36 49 186
78 29 701
66 15 671
47 69 794
23 18 666
88 70 250
66 22 585
82 49 35
57 68 365
51 16 231
20 61 502
65 88 487
26 79 135
13 34 211
7 76 851
44 14 187
53 22 987
80 53 39
74 25 380
36 42 924
2 81 912
52 68 576
42 25 262
54 73 693
12 62 596
58 14 483
38 60 836
54 57 434
5 16 290
25 22 517
46 13 774
59 43 665
33 64 560
35 21 739
66 85 236
65 73 457
14 84 644
9 51 940
13 35 30
36 56 692
57 40 791
73 2 270
5 69 157
39 53 674
48 87 783
26 17 38
61 13 706
67 23 76
21 79 68
65 32 815
25 24 55
65 63 802
56 17 951
38 63 701
8 14 196
76 66 157
84 18 104
87 15 309
90 43 288
82 70 726
55 80 560
8 78 100
39 42 286
72 77 629
15 78 159
15 55 157
4 14 180
69 90 971
4 52 719
18 85 912
34 22 233
12 47 412
65 77 147
85 53 768
9 4 984
35 53 932
36 15 160
19 34 34
87 48 202
53 30 772
52 10 965
89 22 70
16 42 215
81 46 334
35 20 903
89 55 759
78 41 97
6 26 544
80 39 1000
48 66 277
39 55 53
84 75 843
73 13 735
34 24 795
74 72 124
72 73 96
41 74 217
11 56 650
33 56 522
58 70 56
24 17 474
85 61 380
50 73 959
19 87 781
72 37 169
50 31 563
50 82 654
7 15 675
43 23 787
9 89 245
19 38 88
89 9 386
67 15 717
38 77 980
86 35 35
87 80 247
90 19 669
76 3 183
74 71 402
49 41 648
26 73 671
90 15 6
19 88 587
47 8 316
11 64 580
30 9 438
9 76 242
70 16 91
72 37 397
5 8 368
47 82 512
11 62 255
85 40 5
6 43 303
86 4 78
67 21 754
90 68 898
72 75 526
19 30 986
83 41 350
73 46 371
44 20 5
72 87 384
18 61 205
30 53 225
31 6 997
39 28 946
76 41 47
64 79 55
44 69 19
29 22 312
90 27 599
28 15 951
67 38 402
78 43 387
36 26 485
31 82 583
63 16 898
73 72 248
49 8 717
61 8 812
44 5 622
41 14 267
3 4 556
30 59 761
79 37 918
90 17 312
90 44 18
21 9 681
13 38 90
72 78 918
16 15 61
27 82 911
18 45 224
38 73 432
88 31 676
89 71 27
45 89 588
51 23 812
56 32 180
66 48 627
87 62 187
29 57 906
84 45 161
36 43 375
73 60 4
4 80 463
84 29 976
77 49 997
71 66 261
30 15 62
62 90 687
27 22 915
10 47 949
19 77 14
55 33 97
17 87 897
43 70 433
81 18 806
54 25 736
84 7 520
46 3 880
18 40 127
23 58 871
24 33 774
73 59 281
50 59 829
24 88 301
56 36 671
5 71 107
73 56 230
79 11 747
83 20 63
8 70 527
70 67 764
28 60 817
37 15 727
79 28 939
47 57 646
67 21 158
30 45 322
4 83 692
2 37 174
17 22 659
18 7 74
86 44 551
19 88 534
39 44 874
70 8 300
55 90 486
38 90 465
12 76 195
52 13 996
42 52 779
12 57 883
19 26 415
80 31 650
78 1 557
25 36 134
27 49 835
8 54 890
18 14 841
54 3 437
63 3 642
85 47 741
45 64 754
52 81 363
40 16 413
24 23 794
46 52 247
21 33 677
20 68 717
36 64 795
41 84 369
30 65 262
34 88 523
51 88 279
48 72 134
33 62 801
50 81 944
7 61 861
45 47 526
4 47 921
36 40 465
24 68 883
37 71 385
1 29 531
32 38 327
8 52 823
6 50 622
10 64 169
8 43 222
16 21 953
10 35 914
23 37 887
45 53 486
18 62 722
78 82 377
4 76 925
77 78 260
1 18 326
66 89 556
16 41 564
31 89 40
7 45 277
53 89 467
56 84 111
27 41 149
4 39 5
35 84 488
66 78 732
48 84 893
25 52 684
4 89 930
33 50 144
