60 1750 6 58 11
2 37 555
4 53 147
1 38 904
54 20 665
41 58 91
58 36 193
48 41 790
9 19 180
39 8 914
8 40 587
5 52 334
30 7 150
31 39 187
53 38 136
20 59 295
39 33 418
30 46 226
42 55 2
15 27 209
37 54 658
47 2 951
1 2 321
42 27 843
20 56 405
19 37 689
44 40 544
22 43 383
33 48 269
59 2 497
36 20 576
33 41 904
3 58 70
55 30 695
21 29 948
31 58 671
41 22 186
5 31 903
8 54 848
22 38 511
10 51 642
2 25 82
24 10 441
57 32 589
26 42 193
21 29 22
10 24 773
40 46 781
57 55 758
54 36 190
27 6 467
60 39 136
50 57 79
57 20 471
58 3 270
40 27 166
42 52 826
27 20 752
49 24 958
8 56 642
43 21 231
7 24 870
42 55 342
58 30 610
9 5 742
21 47 577
11 23 293
30 36 939
23 51 608
27 33 439
59 32 865
16 38 331
38 10 263
28 17 641
35 22 950
15 26 332
33 19 209
50 32 614
21 19 227
25 45 41
58 54 306
44 47 937
47 10 899
60 33 689
19 37 633
4 44 19
30 29 648
13 57 794
28 43 899
34 35 508
49 56 751
50 8 563
53 48 888
41 5 859
37 20 730
55 56 920
18 2 419
15 29 994
18 29 27
44 12 956
35 18 892
42 54 223
2 25 664
3 57 844
9 60 933
4 12 574
45 30 914
45 12 637
47 36 677
1 51 893
45 20 3
53 34 180
46 12 376
7 51 73
28 56 293
50 42 160
7 51 976
56 46 239
16 20 272
34 41 155
25 3 34
30 23 967
35 40 664
1 34 436
28 34 167
50 35 385
60 36 604
43 11 656
15 28 489
1 2 111
21 57 450
54 16 807
14 54 20
17 36 607
31 19 942
36 19 178
9 22 775
38 58 162
51 36 474
40 47 675
55 11 471
43 19 902
15 40 211
11 31 628
8 2 628
10 11 396
19 7 878
11 40 712
49 34 555
30 38 146
52 31 955
43 13 305
4 21 361
55 16 563
1 40 994
16 55 341
22 57 471
51 20 628
27 26 128
57 16 821
22 55 281
19 35 917
17 20 388
13 28 158
33 22 586
42 29 403
50 32 342
48 53 372
2 60 480
3 14 827
47 23 417
31 42 507
36 6 49
23 40 649
33 57 399
7 33 372
26 4 872
3 52 831
18 34 63
53 41 577
41 49 859
4 3 325
46 57 965
14 45 167
2 5 787
5 18 866
10 54 576
28 34 520
52 7 817
39 56 581
8 60 335
47 26 139
42 4 853
45 26 901
6 56 982
58 41 342
45 37 767
7 45 588
9 48 98
7 38 320
50 32 67
58 1 242
59 16 166
50 53 504
41 3 725
11 43 196
58 19 561
26 33 130
27 16 683
22 9 96
51 10 545
32 27 602
49 10 551
51 26 940
23 20 437
19 20 123
25 14 386
41 56 70
30 44 695
22 57 824
54 19 545
28 2 377
5 58 748
2 30 168
11 19 754
52 57 255
52 17 856
22 25 90
16 49 134
58 2 462
6 31 920
52 51 970
60 57 718
7 51 779
17 35 432
15 31 963
25 17 144
29 1 543
52 19 794
19 18 785
45 29 384
58 24 979
4 1 116
48 39 574
60 25 69
5 38 559
26 44 744
7 45 447
36 10 534
9 14 718
47 42 207
35 1 782
37 27 912
3 10 791
1 30 627
2 36 57
1 53 759
57 37 670
16 43 687
50 14 901
5 4 250
25 24 897
54 35 865
43 24 676
9 10 352
43 7 443
28 39 267
2 41 149
26 31 270
48 19 555
40 51 870
29 59 595
12 22 327
7 19 119
17 6 786
18 16 365
45 32 622
4 59 433
38 19 458
10 21 310
19 26 383
34 56 62
36 56 648
15 30 39
25 40 746
38 45 860
51 4 585
41 57 257
37 14 532
16 21 100
8 58 995
37 47 300
2 40 547
6 5 438
37 36 61
41 15 790
59 17 78
48 11 541
14 38 317
9 14 433
37 45 905
27 1 996
58 20 552
9 17 178
33 60 985
46 26 650
15 53 715
24 26 619
30 55 908
35 32 914
23 25 462
7 18 271
60 53 124
52 38 705
32 54 98
34 49 687
32 29 828
26 54 113
17 54 236
59 18 895
48 1 360
49 45 348
58 24 10
38 20 533
57 1 440
44 36 245
23 43 982
55 29 20
23 29 180
5 8 470
55 33 664
36 11 729
31 25 345
39 25 916
54 59 276
59 4 708
42 1 582
36 56 471
6 29 762
13 22 769
60 49 108
22 6 229
13 23 441
12 53 501
31 56 44
27 13 672
35 57 588
36 2 212
58 30 713
20 50 545
47 36 489
8 37 624
56 15 244
49 17 877
2 49 985
25 28 163
47 29 858
35 29 382
27 49 630
18 7 731
56 47 312
24 33 253
20 32 877
3 47 211
13 45 213
31 38 9
11 27 636
28 18 150
45 35 180
33 45 306
13 20 305
19 48 629
13 39 318
20 36 852
47 24 491
19 57 40
58 31 282
47 34 47
12 25 680
46 53 611
24 22 629
41 35 131
48 9 861
10 48 118
49 53 669
50 30 239
38 43 111
24 26 190
39 1 261
44 52 13
12 1 215
54 17 247
22 12 564
40 29 798
34 43 62
45 49 995
41 29 995
52 57 146
3 13 87
39 60 288
53 27 351
38 14 699
55 13 136
27 58 934
3 19 548
25 26 722
2 35 752
35 7 554
5 52 456
38 39 913
13 17 635
26 58 943
57 24 902
21 37 868
60 19 438
54 48 597
25 9 152
51 10 138
16 57 765
58 33 811
36 5 984
52 23 138
23 30 38
55 46 905
33 47 957
4 44 89
22 19 678
17 58 999
5 17 224
3 29 57
28 19 468
28 4 605
56 15 345
33 16 861
14 33 800
28 18 997
50 53 231
60 16 9
22 16 92
58 24 366
56 17 390
19 49 245
23 27 805
41 38 903
47 25 143
40 39 936
34 13 127
38 3 284
40 47 382
7 17 230
32 59 101
56 52 734
42 7 195
49 28 183
25 10 866
41 8 135
52 24 358
16 13 159
28 5 402
41 10 553
54 5 746
38 39 736
56 22 976
6 21 934
17 2 5
15 41 498
53 30 751
31 60 483
36 43 75
41 16 111
40 8 925
56 44 213
51 48 891
15 56 742
30 8 626
21 43 212
14 7 472
37 6 302
46 18 932
33 42 207
3 14 125
36 8 732
21 12 346
40 20 382
28 20 135
51 30 97
24 56 677
51 44 260
7 6 476
34 57 425
51 15 727
42 23 538
35 26 646
20 5 174
12 14 60
9 33 687
24 19 242
36 41 248
11 56 997
53 4 603
34 43 382
42 19 280
38 40 398
43 46 264
9 53 292
55 27 89
41 48 956
40 14 437
25 29 209
28 60 714
23 19 251
48 44 478
26 29 999
18 38 656
28 36 213
52 30 75
4 21 938
4 22 903
58 36 442
46 38 384
27 20 445
49 38 320
51 46 934
11 49 183
24 27 380
45 38 909
4 19 195
9 21 932
23 22 827
48 37 452
11 31 665
30 1 409
9 33 39
59 35 744
6 5 826
58 50 991
59 32 967
38 53 98
36 18 227
10 11 518
53 19 312
38 53 592
38 15 71
35 47 816
22 33 115
29 49 514
16 44 369
57 44 17
11 10 619
57 41 506
22 58 144
18 38 237
18 7 887
18 54 590
50 47 880
50 28 638
11 29 223
39 15 339
9 51 973
28 42 399
5 6 241
54 55 645
16 40 865
4 41 88
34 40 316
32 49 780
15 17 856
18 8 335
51 54 110
44 5 116
39 29 772
34 11 639
39 49 49
17 8 284
38 49 427
15 50 108
39 14 994
7 32 943
43 25 679
19 57 317
33 2 441
57 17 921
47 8 680
14 25 311
17 56 31
6 24 951
47 30 964
17 16 489
32 41 264
52 14 749
2 35 293
34 38 139
19 21 106
8 58 303
33 8 678
5 46 453
54 30 313
49 19 696
14 24 472
60 33 408
31 29 299
3 45 167
1 56 678
55 48 334
29 19 867
51 43 499
36 2 865
13 27 984
59 53 211
51 30 682
13 35 924
31 39 92
33 45 128
36 22 699
18 7 710
40 18 750
4 40 90
9 33 104
39 53 45
23 52 133
2 11 564
23 15 480
48 26 772
10 15 617
15 39 698
52 59 890
11 40 405
46 28 677
39 48 609
46 56 330
19 36 225
55 20 141
47 52 834
38 39 758
38 20 924
9 53 962
53 3 819
33 58 345
8 10 338
50 45 383
56 2 238
54 30 833
26 52 929
30 41 416
37 32 233
17 47 973
57 12 930
2 47 993
4 27 928
35 40 589
5 47 236
13 15 447
39 7 32
9 42 966
19 46 516
6 57 928
30 10 320
3 7 781
9 54 153
12 54 442
11 25 416
7 37 565
60 26 457
8 57 777
9 8 271
25 43 646
2 59 981
50 54 566
32 16 43
30 33 281
35 25 330
17 2 920
42 5 547
33 41 17
1 58 173
26 14 771
2 7 152
59 6 861
22 21 991
43 30 607
31 35 438
35 15 285
28 55 127
16 10 403
12 54 913
41 32 970
12 16 392
24 16 496
12 48 381
30 54 196
42 54 115
18 25 479
33 19 873
21 5 233
50 28 670
12 21 219
51 20 553
11 40 758
3 11 247
56 25 597
38 35 89
41 25 822
44 36 279
10 48 365
5 18 320
54 56 794
48 46 294
30 25 2
57 50 371
59 42 396
57 38 24
13 31 394
39 9 44
34 46 319
32 8 937
43 37 47
50 55 641
43 10 889
11 23 165
5 59 190
36 4 700
49 27 58
24 6 822
24 8 752
34 45 188
16 14 520
3 26 860
46 27 795
31 59 884
38 51 172
33 19 166
30 17 15
24 9 460
31 45 576
12 38 10
24 28 558
9 46 893
45 35 250
8 1 308
44 59 86
10 28 619
2 55 968
43 16 737
41 1 208
37 12 454
6 29 4
26 58 241
22 25 159
14 52 364
44 7 196
46 44 954
37 22 661
32 41 299
16 48 99
24 56 790
53 46 147
21 5 10
58 48 130
26 1 357
10 8 393
55 43 956
21 46 313
54 11 744
6 32 373
5 14 536
34 7 537
44 19 821
57 19 628
55 16 72
4 16 429
7 25 49
53 7 834
11 32 487
3 52 363
56 33 307
21 18 106
20 41 968
11 17 71
34 41 570
55 4 569
49 51 660
41 25 612
7 23 856
45 30 632
34 59 331
26 7 126
16 9 506
28 56 276
36 11 553
47 30 436
47 27 776
17 11 929
42 29 10
11 53 415
15 28 845
27 46 997
52 35 280
26 11 253
38 35 121
56 46 343
11 34 29
59 58 953
40 48 646
55 50 963
42 22 272
30 28 103
1 34 540
11 3 306
49 22 322
51 12 622
23 11 85
47 43 388
38 11 824
20 47 336
27 34 102
15 16 969
48 24 873
28 10 528
60 27 982
16 21 61
13 34 64
56 2 551
29 43 301
48 5 221
54 7 574
1 15 948
32 1 673
17 58 591
17 30 114
60 53 710
15 9 327
8 40 615
16 20 101
29 1 160
34 16 830
56 40 375
10 43 308
52 11 443
7 12 440
3 37 937
10 59 661
20 56 662
37 26 444
40 37 971
17 41 250
3 38 264
58 55 211
48 36 451
34 7 494
33 7 525
19 49 956
39 55 771
15 48 152
23 26 877
31 6 158
2 44 869
49 6 309
28 7 737
21 16 134
11 43 310
46 45 480
29 58 707
3 45 918
42 9 385
27 53 41
3 42 126
50 37 646
51 6 689
48 41 507
12 54 961
46 13 649
33 25 291
55 11 565
8 10 52
4 3 429
29 45 71
20 21 430
1 31 101
20 45 378
21 45 668
38 51 194
12 26 876
22 7 937
15 32 916
36 46 122
1 36 35
24 18 301
18 45 562
46 20 750
58 9 579
11 1 856
22 32 966
28 1 302
15 52 750
50 39 179
60 34 26
7 1 542
37 29 444
26 9 249
4 46 898
47 41 263
20 21 34
42 8 788
16 14 146
12 23 964
36 59 298
13 41 950
46 32 616
31 27 850
28 17 813
13 47 615
29 57 143
43 3 368
54 48 61
60 17 243
2 31 223
26 47 253
27 47 487
26 30 429
49 23 625
59 20 137
55 3 407
59 30 38
25 56 227
9 35 132
23 25 884
32 37 611
12 21 77
56 33 725
35 40 967
14 32 937
8 43 870
48 43 519
11 25 120
56 54 640
8 25 412
43 23 789
48 17 768
47 51 383
24 30 14
39 2 537
41 23 95
7 45 659
30 40 518
39 16 63
32 23 811
44 33 755
48 12 810
54 49 626
56 4 121
37 4 354
8 12 77
52 10 790
39 16 858
12 26 411
5 56 653
20 18 749
55 32 51
27 24 614
24 14 131
39 28 688
49 2 798
52 27 177
12 14 558
41 24 976
54 56 642
25 5 372
31 30 306
42 56 166
24 53 882
39 36 548
6 47 922
38 54 830
32 2 742
6 50 703
48 54 532
6 42 699
53 52 624
45 28 599
31 1 405
27 59 850
57 27 472
17 3 435
47 4 153
60 17 79
20 45 83
14 8 817
53 54 32
56 28 96
16 27 680
38 17 251
18 29 817
23 49 785
25 39 239
41 23 327
26 34 914
14 30 813
21 30 859
27 23 495
10 24 977
20 4 288
28 43 992
2 40 121
52 3 898
7 26 505
26 53 820
22 43 47
57 20 711
54 43 963
19 17 788
32 34 504
41 38 432
31 30 947
59 5 28
11 34 391
9 17 835
38 26 434
57 39 665
19 43 144
23 59 402
4 60 743
60 41 97
25 12 994
10 53 236
34 46 363
26 27 515
26 44 684
31 47 483
11 16 723
57 17 130
59 40 286
38 30 296
25 15 775
35 48 123
6 2 221
21 44 488
3 49 43
54 59 102
14 32 318
57 35 937
44 46 242
15 3 674
24 12 43
46 52 747
9 34 986
1 22 38
20 34 571
33 27 129
42 53 225
58 19 445
13 6 278
25 58 714
56 4 199
39 43 14
53 44 973
22 57 57
38 45 810
30 33 858
52 46 413
57 49 175
23 45 638
28 19 373
14 12 237
27 3 898
7 17 243
34 28 565
13 59 118
45 13 800
41 40 95
46 32 144
20 40 69
11 52 141
58 14 837
8 1 388
17 60 252
13 1 32
12 38 885
30 14 183
12 56 381
20 40 419
3 7 530
32 37 777
18 43 264
8 38 427
58 50 651
9 60 67
44 56 663
40 49 862
34 42 597
36 39 849
36 47 215
54 29 986
3 38 760
7 15 861
44 19 600
26 47 288
38 28 460
23 7 866
15 12 317
13 37 843
42 1 38
49 12 470
56 6 212
24 30 445
58 12 372
38 40 555
28 41 773
20 16 870
33 44 386
50 33 534
30 42 235
31 1 617
57 17 640
28 27 200
24 13 626
19 52 186
14 59 666
40 38 807
44 30 479
47 26 389
2 47 215
56 16 419
41 11 529
13 37 182
58 16 90
16 32 189
28 54 949
8 17 973
23 2 247
24 34 168
56 51 232
47 19 736
16 10 142
13 7 280
2 10 719
30 43 69
33 2 258
3 51 954
48 26 334
27 8 520
44 59 519
32 59 130
54 38 14
21 39 78
50 40 527
38 40 51
56 11 582
51 59 284
9 39 541
21 43 84
23 8 941
60 29 219
21 55 323
10 21 459
47 27 604
54 13 864
2 12 742
43 48 462
36 10 421
45 41 452
60 35 765
20 43 674
46 4 798
34 46 22
48 29 623
11 37 734
41 58 572
35 26 518
4 39 729
5 54 596
51 11 979
57 12 384
28 26 323
11 27 576
26 46 16
33 46 211
51 42 823
43 56 824
5 41 24
48 6 876
27 9 102
24 47 68
14 27 578
49 13 945
29 8 773
4 30 20
50 16 281
57 41 797
29 59 217
9 5 474
49 48 759
25 51 333
25 57 264
6 34 483
28 50 514
13 29 42
44 32 123
3 28 379
18 3 655
29 7 929
40 53 915
7 15 530
60 3 537
33 36 897
28 52 739
48 30 801
19 51 407
7 55 459
28 15 448
25 29 588
41 12 186
42 38 528
44 53 977
8 1 950
10 5 603
24 7 480
4 40 921
53 48 247
40 56 417
29 17 439
43 56 526
55 20 936
24 23 316
42 36 437
43 3 556
40 47 947
51 3 160
47 54 542
50 53 279
46 52 409
21 19 178
50 59 884
40 14 132
34 13 728
52 20 130
41 14 100
28 41 167
45 31 94
31 33 452
1 44 441
24 42 981
19 39 922
37 32 799
39 28 127
28 10 444
54 59 6
21 60 601
45 30 106
58 40 372
50 17 226
29 50 835
30 24 906
31 7 556
51 54 489
13 5 940
10 43 862
4 37 124
15 26 417
31 44 703
60 47 179
49 27 307
9 24 143
33 49 667
40 19 201
45 23 633
48 46 88
41 30 178
48 25 968
25 45 656
19 41 608
11 52 9
22 31 29
28 38 497
37 48 648
33 46 145
54 42 811
28 44 656
37 26 602
25 29 918
2 42 424
26 5 591
45 31 879
18 19 449
14 40 338
44 56 37
42 40 675
43 16 168
13 18 226
52 36 864
33 51 57
16 40 861
47 39 587
25 23 470
20 21 202
41 9 253
19 27 542
31 39 471
39 22 544
18 21 350
16 42 906
50 58 603
53 46 360
1 15 916
43 10 251
37 36 893
13 22 322
47 18 806
15 55 267
7 38 52
15 10 790
58 57 549
18 37 451
60 55 680
54 32 118
18 35 527
28 4 466
29 11 702
13 24 898
48 54 324
3 7 244
10 43 806
26 31 575
14 53 904
56 20 257
24 11 950
2 4 243
58 4 923
6 30 638
8 33 965
17 36 440
47 57 896
41 16 224
49 59 175
38 30 507
12 1 285
43 10 241
36 39 599
17 35 825
37 13 491
31 5 818
16 26 893
38 54 82
44 37 749
43 54 777
17 5 429
29 6 349
12 51 263
28 7 754
37 40 480
47 12 492
40 33 321
17 21 904
14 42 327
19 4 88
49 16 311
40 10 230
32 58 131
5 58 84
35 37 539
38 29 151
55 49 514
4 34 25
26 30 721
18 54 507
37 24 598
23 1 783
45 49 970
39 44 957
10 25 719
44 6 222
38 58 335
22 16 221
57 29 691
12 51 253
35 30 104
44 58 947
18 11 113
51 50 178
31 44 1000
14 37 346
19 14 7
28 49 417
2 59 568
51 10 486
8 38 615
56 30 695
6 40 174
33 3 624
4 39 93
43 18 40
54 13 699
57 15 769
29 23 899
51 35 700
4 58 228
37 54 58
6 54 193
6 20 954
17 38 959
31 29 481
7 6 183
36 24 10
36 58 677
34 6 575
1 13 489
55 37 772
20 4 819
36 12 157
18 55 704
26 37 440
13 41 283
36 35 177
21 32 44
39 6 259
49 4 955
4 33 642
44 47 226
8 48 964
30 35 420
13 17 456
25 43 717
2 54 708
35 36 932
9 59 689
25 37 185
37 21 424
7 23 859
10 43 223
39 5 155
22 50 860
60 45 109
6 48 374
57 4 84
33 55 638
31 35 630
59 28 25
13 2 389
52 42 551
51 14 199
44 20 141
7 60 903
17 29 842
51 56 690
27 24 572
20 54 666
41 8 581
50 46 422
57 53 475
2 19 704
54 31 692
20 30 430
57 7 215
55 33 360
48 42 889
55 58 304
25 5 860
50 36 987
39 17 757
3 10 336
21 46 849
56 59 149
60 22 376
50 32 315
25 52 913
32 28 694
23 51 201
60 21 825
47 25 314
41 4 932
16 38 562
3 20 385
3 27 281
43 47 842
46 49 584
12 44 822
4 2 742
29 56 395
49 19 799
10 2 948
15 16 985
6 59 494
38 6 730
17 60 1
20 13 969
7 42 551
44 17 592
49 20 391
7 28 387
58 43 914
59 20 317
55 5 697
43 32 138
14 49 640
26 13 821
36 4 519
37 53 585
13 31 190
4 5 7
53 5 870
9 40 921
47 35 233
57 58 143
50 44 688
30 33 188
30 47 760
55 31 281
42 39 416
24 32 146
50 17 856
46 19 960
17 58 620
54 57 689
54 35 750
4 54 370
59 45 853
33 57 254
32 1 149
36 24 366
44 22 252
11 48 669
32 33 101
16 55 438
58 43 904
14 34 651
10 41 376
8 37 696
36 54 330
38 19 402
55 33 834
32 21 248
60 30 998
42 1 438
12 19 323
47 17 992
56 31 934
11 56 13
25 4 737
16 48 965
34 1 39
38 33 830
39 42 537
33 28 698
57 23 934
51 9 55
21 54 625
38 15 674
29 44 99
23 37 484
11 22 486
41 37 164
24 1 907
10 5 817
55 60 306
19 14 415
8 50 876
52 14 315
1 47 941
19 36 439
5 34 418
26 41 110
26 58 279
45 18 585
60 32 876
9 26 27
46 36 378
27 30 679
33 40 541
13 29 475
57 15 948
32 49 565
29 59 735
31 3 895
11 5 446
46 23 115
10 15 435
51 60 234
16 35 427
57 46 499
49 19 877
28 11 582
47 35 334
23 36 622
60 47 115
36 12 709
19 51 22
37 3 950
34 43 641
1 12 443
12 5 800
6 30 221
16 6 261
40 4 911
34 15 844
22 28 220
39 8 362
16 50 38
23 11 686
8 57 353
49 40 419
1 42 852
52 46 459
44 13 677
33 3 119
41 43 354
31 11 475
2 56 667
9 57 269
17 31 788
54 34 253
33 36 417
40 20 752
60 11 784
1 7 462
24 26 759
23 49 402
13 21 173
40 3 555
33 35 430
27 46 96
19 54 203
38 17 169
57 18 17
17 32 501
60 43 485
39 44 913
55 22 897
34 8 529
33 60 199
49 53 83
1 26 718
48 24 898
53 28 18
40 53 533
31 48 231
11 20 397
38 16 819
47 44 386
58 45 883
28 10 589
14 55 500
3 59 780
16 47 260
12 47 355
27 4 341
24 36 184
1 4 671
51 34 800
13 52 258
49 7 847
50 13 630
25 59 48
22 55 963
50 6 441
13 15 641
4 54 438
28 7 677
47 29 468
48 5 488
45 56 281
54 38 456
7 50 469
11 19 795
29 31 895
47 30 814
54 49 56
26 43 462
30 29 240
24 14 523
1 40 377
24 52 635
24 15 79
38 3 467
18 21 662
49 32 809
1 34 159
53 52 715
13 55 546
33 27 541
44 52 441
20 13 222
57 22 225
20 34 839
35 56 632
49 18 437
3 50 397
8 36 372
58 22 458
42 8 198
18 42 204
2 24 821
45 56 909
27 35 970
58 2 516
50 56 553
25 54 575
35 34 1000
49 25 188
21 16 149
29 23 616
48 47 331
10 60 762
35 31 436
47 14 42
22 29 878
10 19 617
10 38 630
3 6 224
2 17 759
6 10 483
25 10 689
18 26 93
51 17 81
51 19 679
29 57 878
59 44 779
5 47 289
50 32 438
57 4 570
36 31 382
29 53 993
24 59 642
51 29 665
33 1 515
55 19 67
43 53 78
13 57 438
34 58 199
28 42 615
59 24 24
4 8 42
18 57 322
34 58 55
55 1 399
47 11 516
11 35 720
1 55 221
26 4 487
56 43 956
50 10 288
57 58 675
8 57 169
14 42 760
19 60 193
10 60 235
46 57 580
47 8 896
42 50 283
17 52 542
20 3 386
8 45 581
15 20 193
33 56 23
1 3 1
20 49 687
22 28 82
28 35 175
30 49 555
