75 2775 238 69 51
9 62 20
3 43 338
16 4 618
36 28 976
66 59 575
31 67 951
1 38 904
64 42 84
37 60 581
43 55 815
9 60 999
34 47 934
18 69 516
73 9 768
18 48 493
43 30 84
5 36 390
61 68 112
52 33 462
72 59 335
21 50 6
7 24 674
45 54 928
37 13 505
65 50 321
64 4 502
53 19 495
18 72 32
3 30 520
12 53 202
44 38 463
16 60 820
18 7 311
23 36 248
42 9 524
13 75 863
5 27 426
39 71 939
75 50 834
15 73 814
70 63 571
12 27 329
11 42 340
72 37 60
37 17 331
15 70 516
53 35 475
72 53 4
41 36 867
22 47 497
35 21 573
68 26 323
22 63 298
27 52 76
33 72 892
21 29 948
47 61 340
45 21 126
41 22 186
13 10 450
19 75 921
15 13 138
36 70 963
23 20 667
5 31 903
22 56 559
49 62 562
50 3 890
23 49 810
64 14 241
2 25 82
71 69 897
50 4 971
11 7 71
66 12 718
74 69 777
64 48 382
67 19 991
22 38 138
27 20 222
54 18 401
70 66 221
46 10 62
55 13 439
53 46 475
75 72 583
9 56 322
40 27 166
71 24 49
74 38 7
63 46 957
8 71 685
61 57 70
67 27 298
7 24 870
40 34 555
51 23 848
49 46 487
2 43 866
1 37 124
58 30 610
6 32 148
10 57 146
39 44 431
68 5 195
55 22 415
28 18 70
56 54 923
63 2 742
39 75 9
27 4 147
42 39 784
17 32 778
15 11 842
68 26 928
17 40 224
51 70 672
75 30 41
75 50 248
39 41 398
38 10 263
74 21 425
70 17 54
71 23 591
61 41 224
13 3 702
32 63 865
12 36 93
34 6 95
35 54 344
65 5 150
21 38 469
68 19 744
48 75 210
24 73 752
5 62 858
74 12 992
11 12 526
2 45 516
48 22 203
73 44 683
54 43 340
28 24 657
64 23 436
7 28 336
56 72 544
52 65 451
13 44 302
7 17 821
62 6 328
41 61 876
7 49 395
40 21 426
20 4 954
49 69 955
48 57 282
21 47 302
45 22 709
72 9 556
60 64 16
62 48 330
47 40 755
25 71 155
33 57 828
12 51 463
31 54 946
64 36 267
14 28 242
68 28 842
33 49 186
74 44 134
55 69 980
60 18 659
13 23 894
10 54 740
66 21 482
37 48 540
65 3 440
28 19 555
20 75 726
71 25 505
9 62 484
44 3 848
51 59 509
56 43 988
45 58 603
74 11 487
56 46 239
2 61 967
59 60 401
15 3 424
61 22 838
62 49 760
14 60 846
25 3 34
52 24 697
20 64 572
15 31 113
25 61 878
54 2 522
35 17 946
74 23 317
68 37 230
70 64 97
47 53 478
65 33 323
13 19 492
29 50 488
1 2 111
58 67 765
57 54 40
55 38 597
58 39 554
29 67 577
44 73 103
1 29 622
11 43 396
66 1 257
19 27 434
6 46 435
27 26 668
66 39 894
49 50 666
51 7 969
40 55 823
43 53 136
27 51 432
56 67 949
38 14 730
46 66 445
10 72 663
60 33 427
47 8 38
51 36 474
38 22 999
66 11 831
56 48 972
72 58 295
25 70 860
68 55 935
67 16 771
53 75 580
75 67 546
59 18 618
21 13 649
20 61 781
5 46 364
45 51 963
57 38 194
40 19 469
44 62 515
50 9 202
18 64 626
45 57 634
70 40 920
51 47 610
41 72 363
30 38 146
14 54 527
21 2 383
58 16 668
8 2 520
36 66 266
3 46 802
63 33 49
25 14 936
30 57 690
51 43 904
16 48 482
2 12 319
61 5 488
70 16 684
27 26 128
40 61 586
25 43 590
7 59 124
36 71 57
52 49 78
39 17 146
10 17 187
71 12 947
46 67 773
48 53 372
70 46 303
4 24 142
21 37 876
64 12 492
50 75 569
54 27 546
53 68 819
60 69 712
14 45 684
39 73 657
31 42 507
36 6 49
1 21 55
35 17 504
24 33 84
44 25 582
26 4 872
56 52 932
20 8 680
13 43 178
2 17 231
58 38 934
73 30 476
9 12 836
75 55 791
38 55 348
6 54 141
53 19 144
39 53 800
20 23 659
46 40 647
33 72 155
75 12 191
31 18 536
5 18 866
16 23 932
72 13 892
60 72 731
74 6 617
49 1 368
8 26 422
30 75 320
26 34 755
50 16 990
42 21 497
41 27 58
34 48 790
12 48 796
61 5 707
5 19 457
19 9 95
62 8 335
7 38 320
75 19 64
71 21 986
28 11 99
61 1 364
69 5 231
72 15 830
12 69 217
59 13 426
50 53 504
37 23 934
45 51 292
23 26 354
17 24 842
44 55 34
22 47 352
45 9 789
63 32 200
33 38 785
39 74 877
51 27 225
70 10 348
38 8 406
64 70 315
48 73 726
56 41 95
12 48 629
2 25 490
21 8 551
13 26 838
11 63 825
36 41 37
30 44 695
59 36 880
64 34 105
53 72 527
49 61 489
64 5 456
10 75 854
65 31 742
49 28 348
52 47 879
56 16 159
11 45 892
22 35 247
23 4 284
37 17 500
46 63 598
37 11 11
49 71 309
64 68 368
13 43 410
63 7 879
27 67 109
71 32 577
2 7 678
62 75 86
70 49 432
62 22 80
9 38 977
36 61 518
52 21 188
34 6 261
36 20 974
31 16 313
42 37 207
61 57 334
53 31 615
36 60 558
60 31 437
55 60 441
32 69 64
59 36 893
67 69 595
8 50 108
29 1 543
24 66 241
63 75 88
36 53 518
7 63 609
70 74 731
44 55 819
16 45 778
40 44 347
62 69 434
33 4 80
41 8 133
54 36 323
47 34 496
35 3 441
4 29 708
5 41 75
58 49 141
65 27 433
71 67 287
12 34 985
18 2 212
65 73 549
44 70 425
68 41 682
59 34 537
59 13 514
5 37 715
45 44 112
12 29 726
70 64 960
51 14 896
2 31 351
3 8 107
16 55 805
57 26 841
59 33 693
16 43 687
9 70 510
75 30 547
21 9 598
58 54 462
30 72 235
2 16 609
31 47 821
19 51 687
70 40 723
24 43 885
29 13 507
71 7 780
44 57 59
50 43 820
17 16 36
24 62 346
8 47 294
59 16 352
45 3 93
54 66 565
33 51 560
2 41 149
26 31 270
23 4 781
12 75 297
26 32 760
51 2 117
2 38 525
72 70 579
4 47 832
35 8 366
65 31 277
7 69 385
56 11 662
14 54 536
18 40 314
50 68 67
39 71 908
15 37 717
12 6 95
47 72 341
20 4 593
20 29 915
58 9 36
4 41 155
37 30 355
53 59 923
22 51 27
15 30 39
32 15 37
38 45 860
46 6 802
43 59 587
29 71 582
57 70 693
25 14 693
39 9 452
56 68 126
14 56 101
1 74 664
53 31 42
37 36 61
21 55 151
34 30 539
37 52 414
13 68 360
67 71 849
15 3 966
53 75 759
24 33 803
9 14 433
27 1 996
64 3 200
20 44 89
44 11 319
56 4 756
6 35 29
59 8 608
61 21 81
28 29 221
4 64 910
23 57 495
2 75 783
72 56 526
34 51 346
54 14 521
67 15 293
55 12 219
12 24 484
57 24 860
66 46 577
44 27 570
5 33 931
32 55 737
71 25 98
16 40 369
68 11 467
45 57 417
31 7 319
73 56 528
29 38 889
7 69 208
75 64 116
55 51 942
51 6 849
37 11 861
50 32 233
26 13 196
2 35 278
41 73 950
36 67 737
21 63 410
22 56 747
4 72 375
24 57 476
2 1 959
2 14 749
38 28 546
24 11 854
6 44 886
68 4 91
67 30 923
12 65 498
32 25 951
1 24 280
42 70 596
68 20 938
33 12 404
44 38 3
26 38 904
47 67 993
50 39 398
60 49 108
27 49 473
40 56 3
24 60 113
3 52 578
11 59 872
50 57 388
20 11 697
72 30 872
74 48 245
10 4 237
39 57 208
71 63 344
2 70 663
55 26 601
42 64 121
20 50 545
28 8 358
64 46 245
74 40 915
36 23 42
4 31 435
49 75 589
9 69 866
1 58 780
67 49 397
31 13 469
19 42 428
72 44 519
50 8 244
57 48 245
74 58 38
46 7 374
60 46 461
15 11 392
62 23 327
56 7 626
33 39 641
20 59 836
56 17 819
19 8 822
40 67 259
58 65 275
71 33 743
30 31 904
9 32 430
38 39 285
4 27 707
75 3 891
24 63 518
55 68 467
19 30 22
39 1 899
49 53 669
7 5 950
29 5 715
41 26 576
46 43 273
41 70 619
65 39 717
48 5 338
63 57 915
11 26 505
58 45 566
7 12 436
46 8 437
24 33 616
2 46 970
3 13 87
72 8 142
10 9 656
63 64 896
51 58 346
67 46 870
17 49 366
58 6 876
40 1 821
32 39 300
51 6 564
29 32 35
70 48 736
57 3 493
72 74 352
22 73 515
24 70 619
54 30 795
58 60 178
34 64 651
69 21 465
29 23 188
63 17 856
44 9 473
18 25 631
15 51 9
46 38 473
48 13 700
48 70 188
52 50 938
47 75 563
68 50 681
45 47 818
30 70 593
28 66 302
71 65 542
27 21 355
12 23 188
38 14 38
41 72 826
8 48 605
8 75 293
35 54 149
64 52 147
42 59 130
47 7 141
74 63 577
61 30 630
61 20 91
1 19 531
19 56 680
73 19 724
8 64 176
10 56 758
69 40 204
44 15 614
18 24 535
39 33 553
31 36 545
20 15 881
57 22 991
14 15 667
67 42 975
30 73 760
26 45 348
55 35 522
29 16 691
75 64 989
69 55 597
15 40 808
41 51 487
72 48 698
25 57 471
42 45 846
65 8 431
3 24 616
37 56 573
19 27 105
18 4 678
20 63 930
63 23 740
58 72 258
69 54 897
47 19 128
20 13 26
11 13 947
50 53 231
60 16 9
68 45 62
38 70 216
66 41 903
55 17 366
46 27 8
57 59 850
58 24 366
17 40 513
10 14 100
56 62 398
3 58 470
65 53 331
11 18 509
55 39 469
26 5 697
51 18 770
72 9 338
64 38 239
67 41 355
33 11 85
50 55 132
8 55 310
8 52 421
19 40 811
2 67 299
12 48 212
43 22 619
28 5 402
59 64 297
21 33 801
16 74 291
13 33 991
37 35 96
65 29 508
27 23 282
2 24 867
68 53 509
25 39 785
62 19 965
71 11 919
25 53 311
44 7 227
29 52 869
20 3 115
74 13 314
44 49 489
42 32 265
12 46 817
26 6 611
39 52 534
26 50 803
55 14 839
75 38 962
72 52 434
45 29 893
63 11 203
19 74 557
74 40 947
33 32 800
45 26 824
51 13 8
46 11 929
23 5 627
3 21 249
41 50 638
6 62 984
74 39 200
17 28 650
3 20 698
14 45 332
55 25 417
46 72 535
66 2 650
19 55 844
49 12 457
13 9 57
12 51 500
42 23 538
34 52 755
68 18 277
10 37 688
68 28 699
6 29 928
13 67 40
37 35 989
7 56 534
60 66 592
48 56 331
1 61 714
66 28 414
53 8 164
10 23 911
40 14 437
60 67 35
38 46 477
2 25 678
49 73 975
56 2 471
53 69 179
2 69 226
61 36 257
55 58 872
61 64 175
55 9 427
41 30 470
48 20 916
6 72 759
44 48 906
71 23 451
6 65 162
35 42 230
4 1 736
59 27 237
21 12 457
61 53 961
37 11 235
6 50 856
9 41 416
40 14 41
73 32 39
66 28 512
3 75 102
23 38 506
23 22 827
37 54 53
11 31 665
59 15 384
17 43 395
44 62 516
14 71 761
40 67 955
19 21 368
22 4 196
34 3 565
70 57 107
50 38 37
42 35 852
16 56 222
67 75 713
69 43 413
44 62 143
37 28 36
20 4 140
50 59 96
58 1 168
61 54 525
50 39 1
54 67 270
12 19 780
45 19 6
42 22 280
14 44 227
41 51 133
31 17 888
63 23 795
56 54 99
61 3 973
65 22 686
63 29 875
23 63 921
6 21 662
75 68 376
22 58 144
16 49 829
68 22 363
45 46 108
59 54 963
44 21 83
21 70 416
72 11 498
27 3 904
48 71 692
68 46 692
29 23 619
3 6 780
51 9 368
13 71 278
36 69 700
48 19 272
32 73 994
75 5 68
13 23 875
9 69 96
67 12 383
13 2 672
2 37 326
52 10 393
66 43 667
28 21 991
51 17 902
42 4 733
13 28 172
1 31 407
38 66 394
59 21 534
6 44 479
25 36 830
3 13 531
43 13 31
34 17 453
66 72 321
55 38 457
65 40 573
16 59 855
54 55 393
60 55 828
24 27 985
52 25 494
14 67 457
75 53 531
65 68 671
17 5 623
63 71 152
75 19 209
57 48 908
10 46 349
1 6 206
7 23 193
21 45 192
48 10 429
15 11 381
2 1 938
32 41 264
55 21 260
13 75 490
57 32 262
42 17 829
16 30 275
45 26 529
30 73 661
30 28 101
70 10 637
52 66 652
74 44 478
67 45 20
49 59 732
63 30 128
60 33 408
40 29 931
39 18 977
61 7 380
20 19 415
9 23 83
40 31 303
41 57 818
57 30 724
34 27 107
27 74 810
60 63 781
11 43 992
47 71 569
25 74 173
58 25 842
47 21 339
62 26 254
51 64 787
39 17 379
64 29 729
14 43 234
13 46 445
35 14 232
20 37 32
30 4 251
73 5 186
39 10 376
39 36 514
31 19 491
57 19 835
34 9 30
36 22 964
66 40 178
26 34 108
33 12 481
17 28 862
56 4 594
51 62 755
34 50 970
30 53 557
64 65 623
11 8 782
34 52 522
46 36 7
34 58 336
2 66 765
11 40 405
64 46 875
30 35 359
54 60 439
44 38 116
69 67 871
3 37 935
66 74 441
36 68 823
13 66 22
58 33 450
20 41 308
53 38 283
2 38 559
27 44 736
22 28 775
44 20 741
31 72 251
10 39 308
44 55 61
13 62 402
54 45 697
46 62 302
30 41 151
69 65 510
25 50 852
66 40 456
34 71 777
7 9 755
39 1 999
11 13 321
56 2 539
68 1 907
17 49 116
34 65 330
51 64 633
12 47 776
47 17 709
41 8 435
59 18 481
60 39 800
69 61 517
38 45 27
64 44 554
23 3 725
8 65 516
3 32 874
23 25 663
26 43 183
39 63 722
60 26 457
69 55 707
25 5 125
8 50 917
4 18 856
41 48 857
17 50 732
2 13 605
62 15 742
20 66 62
56 62 652
37 73 363
1 14 167
56 49 304
58 39 456
55 63 443
59 6 861
35 70 72
35 15 285
48 63 657
74 35 494
45 56 329
12 54 913
26 32 761
43 52 222
5 55 639
37 31 258
70 56 152
53 61 871
35 19 111
17 33 885
37 44 462
1 61 713
24 32 216
41 72 409
1 26 383
9 46 926
13 65 788
18 61 108
74 21 981
60 62 513
59 67 332
27 7 304
61 47 265
54 56 794
3 49 215
72 12 387
66 33 914
72 9 52
62 37 76
75 59 601
57 2 65
16 12 52
32 55 784
18 70 234
51 38 584
57 38 24
61 27 557
12 74 882
4 70 978
68 75 41
15 46 169
34 57 823
51 25 910
4 69 604
39 73 474
27 18 62
32 8 937
50 43 402
12 38 141
32 1 785
1 6 274
60 8 900
2 51 864
61 19 445
29 45 422
37 43 79
2 15 761
66 60 356
44 43 947
11 73 660
48 53 840
64 6 917
68 42 250
9 15 26
8 66 950
67 34 860
75 74 105
38 66 704
71 63 679
15 65 690
42 7 151
70 27 385
1 40 765
30 44 787
18 41 40
58 41 797
33 8 566
46 27 386
13 66 221
45 1 136
12 59 622
68 49 904
9 14 676
52 41 668
74 20 310
4 2 828
30 67 775
67 71 490
5 71 141
30 55 163
27 63 576
36 25 916
8 12 461
27 68 511
30 39 75
47 24 561
50 43 127
4 19 99
10 66 609
25 74 1000
37 32 576
42 32 486
40 25 39
41 1 208
42 29 331
36 63 246
68 49 243
35 58 199
18 1 331
68 16 66
49 13 28
14 6 212
27 7 801
2 42 970
12 37 961
36 50 577
42 66 599
71 38 725
10 44 684
19 59 276
42 2 26
8 39 577
54 24 32
71 9 289
69 24 159
11 22 726
57 56 798
33 75 88
38 40 498
28 30 292
29 63 703
9 26 146
67 16 136
16 9 516
26 35 908
64 69 787
51 5 531
33 1 144
4 5 564
53 75 619
25 29 983
18 6 279
59 74 63
31 4 650
6 32 373
65 55 219
42 17 311
61 66 236
56 15 546
66 6 95
46 57 870
31 19 549
32 57 401
57 49 507
53 16 654
73 39 731
34 56 923
60 65 740
18 72 116
67 10 182
30 50 690
29 62 455
40 67 669
62 30 632
14 71 66
21 18 106
59 74 449
33 67 740
70 31 443
43 7 800
36 42 298
55 70 429
23 62 326
37 10 110
63 15 798
20 47 755
32 39 998
19 37 364
73 9 420
28 15 532
16 74 371
7 23 856
74 47 6
12 55 187
11 39 131
50 44 440
62 58 442
50 15 791
71 25 223
4 12 557
4 47 286
5 40 915
40 31 580
12 13 864
26 46 499
2 68 989
31 13 869
6 61 570
1 40 457
39 23 816
48 37 300
24 33 244
39 42 420
31 62 910
43 67 418
56 30 250
44 4 768
4 56 375
19 3 842
49 17 760
52 35 280
8 28 916
22 27 27
8 60 194
11 34 29
51 45 40
3 56 961
20 39 9
34 1 717
48 21 333
37 48 356
31 5 88
36 24 383
8 35 402
54 69 536
32 2 576
60 17 924
16 61 386
53 4 153
75 5 842
25 47 180
35 54 559
51 25 183
13 49 704
48 71 684
6 39 644
74 68 199
36 41 557
55 31 167
30 70 895
30 72 150
41 25 867
34 57 217
74 59 235
74 44 372
19 14 455
46 50 690
15 44 429
57 31 52
15 51 288
35 18 842
62 23 187
15 57 368
13 14 723
5 33 84
48 5 221
14 74 717
42 64 223
20 75 820
69 31 241
2 32 244
42 34 609
9 12 806
37 36 516
39 6 838
43 66 528
29 1 160
53 25 948
1 37 5
56 8 752
19 39 525
42 4 702
74 15 142
28 22 888
64 36 567
39 29 332
65 26 113
51 59 953
56 36 261
44 17 589
50 52 123
42 38 471
58 55 211
66 59 845
29 26 454
10 40 913
26 47 695
55 39 650
42 17 268
26 61 450
68 7 975
53 25 431
62 11 454
37 17 480
26 20 943
51 19 98
26 12 859
28 53 624
11 43 310
46 45 480
38 41 576
20 19 901
75 45 86
27 7 483
61 28 431
65 58 940
24 13 274
55 52 710
24 15 54
41 44 992
61 16 987
8 58 92
52 43 637
55 11 565
14 64 514
26 7 227
28 52 371
15 60 512
7 67 474
39 61 499
33 2 423
63 5 189
74 29 589
20 21 430
74 46 529
54 26 662
59 58 30
65 67 773
14 18 519
27 18 1000
7 35 414
52 65 633
16 71 523
33 68 346
59 31 277
26 59 394
73 35 901
58 44 717
36 23 749
48 19 617
59 62 121
15 66 914
62 41 207
41 43 371
11 28 135
72 70 870
25 1 278
58 49 651
49 43 446
52 34 915
8 38 922
14 52 265
35 47 212
31 15 238
37 63 707
45 59 521
28 3 469
36 32 51
2 31 223
57 33 307
54 49 371
10 35 801
23 73 776
26 30 429
65 14 227
56 6 92
65 70 653
64 16 39
19 42 209
5 10 840
59 20 137
61 48 785
14 19 209
20 28 279
73 31 162
29 40 211
16 32 586
12 21 77
14 49 725
3 52 372
3 11 105
47 40 397
38 44 819
29 39 517
29 7 973
46 57 951
3 49 891
37 19 119
16 21 512
48 43 519
69 37 501
30 22 636
72 64 664
56 51 220
63 4 420
20 28 436
72 34 492
49 51 849
65 73 555
63 43 39
23 68 265
64 74 551
18 41 932
69 44 927
27 19 666
44 40 902
17 4 320
30 7 485
1 14 509
61 22 745
42 6 854
24 30 14
16 71 261
65 30 40
56 41 333
2 11 644
60 19 386
50 68 204
59 47 454
3 2 155
75 43 901
24 7 524
8 62 308
32 36 750
44 75 752
35 12 329
64 66 30
38 8 91
72 5 591
16 33 499
1 8 470
54 49 626
17 64 46
26 75 198
61 74 913
2 36 413
20 68 571
4 24 697
39 22 258
29 20 372
12 62 477
74 75 801
2 21 815
71 50 73
50 1 155
33 68 61
48 41 729
7 21 50
5 8 761
34 22 327
36 65 546
25 12 497
42 56 166
11 30 305
60 12 396
41 2 399
33 29 748
10 2 447
15 68 674
40 61 745
5 50 879
56 44 27
63 49 417
23 57 511
71 73 299
54 23 586
13 56 415
13 71 135
32 53 299
40 33 539
53 42 840
27 28 332
31 52 594
58 25 395
56 17 603
42 63 560
50 16 907
28 56 949
46 32 452
51 57 975
57 27 472
32 58 758
20 45 83
63 30 152
2 11 755
33 2 887
25 41 573
42 35 879
45 57 927
46 11 105
38 22 595
35 17 555
3 68 705
24 2 785
69 50 564
29 57 774
30 18 726
14 49 970
49 42 559
46 35 89
50 26 174
28 26 409
69 46 530
63 25 981
46 20 949
15 18 313
16 51 929
36 17 788
60 7 909
70 33 392
30 11 952
20 23 530
58 29 527
29 49 397
44 66 490
69 18 733
51 25 856
30 45 227
32 36 573
27 47 300
52 3 898
10 17 71
41 74 414
16 13 493
9 22 384
74 19 607
67 12 374
16 15 984
48 29 84
17 68 284
65 47 747
69 64 970
7 33 665
71 19 174
40 62 821
36 58 388
59 3 885
34 39 383
46 57 993
58 29 504
66 13 77
41 38 432
65 36 594
2 6 923
49 23 824
22 32 275
4 31 451
57 39 665
32 24 984
75 67 420
28 55 305
68 31 451
26 74 591
8 74 527
60 69 982
48 5 76
31 52 296
17 37 274
71 66 901
70 27 187
67 22 544
64 72 291
42 39 579
38 75 182
22 37 740
60 46 68
32 71 134
60 18 235
57 17 130
4 36 507
54 43 387
53 3 964
41 27 845
4 43 668
7 43 957
3 49 43
54 59 102
7 20 70
31 66 617
45 59 818
21 52 199
18 4 835
27 2 282
45 65 898
52 31 950
33 48 970
49 59 494
22 45 227
44 3 51
15 71 134
70 74 913
71 62 4
49 73 514
23 13 39
47 8 275
14 38 25
23 12 977
47 34 184
30 54 387
25 58 714
39 43 14
72 9 639
38 1 804
45 58 974
24 31 815
40 50 837
7 55 414
39 15 297
5 22 244
57 49 175
68 1 908
44 19 525
65 26 799
51 60 286
62 28 25
70 66 801
52 20 360
73 44 779
71 72 849
49 34 792
39 45 590
60 1 280
32 54 179
3 39 506
1 27 130
3 47 626
16 75 142
62 64 249
52 25 331
6 25 976
28 25 574
34 66 39
37 31 426
55 17 765
40 50 814
63 61 204
56 38 354
45 44 6
60 8 934
13 62 802
52 42 275
36 61 402
62 26 114
27 23 969
57 26 964
11 61 756
26 49 995
65 59 665
28 1 831
33 3 665
48 34 222
27 61 708
31 39 711
44 60 517
2 63 355
14 20 460
73 42 49
69 49 269
33 36 289
68 31 395
75 45 196
24 28 98
47 68 108
24 11 274
67 38 347
3 47 351
7 15 861
59 29 859
10 3 767
18 67 598
68 1 116
20 28 314
26 59 118
58 12 372
37 20 901
51 20 855
59 68 185
64 68 386
51 59 29
26 4 39
69 67 852
56 54 554
63 51 186
13 59 867
75 31 275
20 16 870
48 62 568
45 71 736
15 44 915
47 70 45
26 32 402
6 45 656
24 27 295
3 61 491
4 13 216
18 39 513
4 9 362
36 26 25
61 43 682
68 38 160
13 14 342
57 15 715
46 67 218
74 2 982
5 71 44
23 57 965
64 8 83
22 47 481
32 7 866
3 9 422
37 6 979
60 28 650
25 8 958
33 68 119
25 8 549
25 49 995
53 30 93
48 69 31
68 72 130
14 20 77
37 28 890
2 24 883
63 34 460
51 67 921
21 37 298
33 58 339
14 12 567
33 2 258
15 40 634
32 64 703
35 34 388
52 18 6
9 7 696
1 54 63
46 48 181
14 47 152
58 1 469
51 6 272
56 11 582
53 59 277
59 71 823
69 47 720
14 5 191
45 3 448
21 9 436
69 42 232
72 70 440
63 15 603
12 5 364
72 74 410
60 65 257
23 52 840
54 44 559
21 19 751
74 6 39
10 6 452
63 29 623
36 10 421
13 20 906
57 16 606
37 40 324
72 68 780
1 17 688
70 56 169
59 45 24
6 56 898
59 51 104
39 48 678
10 45 973
19 25 773
11 37 505
69 29 10
48 49 79
33 74 911
41 18 535
10 68 404
75 6 77
3 43 711
45 49 55
48 13 650
54 39 606
49 8 974
8 39 205
4 60 150
35 52 17
25 26 299
51 33 100
5 41 24
5 48 966
3 45 491
58 17 58
24 59 308
12 3 309
63 32 152
29 8 773
71 25 535
50 39 148
4 30 20
33 62 11
73 44 317
72 70 839
19 16 329
22 36 825
71 17 271
36 56 751
5 22 806
63 49 177
57 59 64
9 28 48
46 57 907
44 1 172
62 38 637
71 52 121
70 6 302
23 11 505
39 45 743
73 30 768
8 58 51
44 74 241
19 51 407
75 3 435
66 55 667
65 34 254
6 67 143
22 51 287
58 53 976
66 31 804
4 71 114
41 12 186
45 60 805
8 55 18
48 31 164
7 5 49
21 60 899
57 33 806
31 11 294
19 59 532
63 8 567
72 46 723
23 51 353
45 40 454
69 29 759
75 65 796
27 43 463
12 3 708
41 37 480
63 47 351
59 41 515
56 16 726
62 4 773
18 30 249
36 41 725
44 4 275
19 14 767
29 35 79
17 44 618
64 33 748
40 56 417
10 3 125
32 66 355
2 66 693
64 38 274
12 68 400
2 12 313
70 3 888
35 19 481
58 71 899
68 57 228
5 39 821
33 20 125
27 26 387
49 29 362
40 24 60
9 42 881
54 20 452
56 61 890
28 27 641
8 61 577
34 31 633
63 2 441
34 31 224
1 44 441
56 43 612
23 36 35
19 39 922
31 61 141
63 30 661
75 30 908
67 7 935
54 59 6
5 7 91
68 52 355
2 46 733
62 16 701
35 60 86
6 37 347
50 11 784
61 65 365
63 70 244
47 48 72
5 34 495
46 17 141
14 22 973
1 17 995
23 25 182
70 2 913
44 20 623
67 4 83
9 24 143
17 16 747
11 18 835
35 18 1000
40 19 201
54 50 694
20 64 438
39 2 87
8 12 818
28 63 814
14 68 652
33 48 298
54 31 945
11 61 768
4 20 951
8 59 642
69 5 382
40 24 665
32 7 394
67 38 238
37 26 602
50 45 422
29 62 449
65 51 938
9 22 232
64 54 486
64 63 980
71 69 23
27 6 869
8 15 168
55 1 781
55 33 999
14 15 430
3 16 339
74 59 118
44 67 689
22 48 769
12 63 149
48 60 413
19 1 368
16 40 861
61 49 383
71 12 391
19 64 424
33 64 521
57 29 240
8 55 734
62 16 174
63 69 848
1 48 334
6 71 191
73 47 526
38 54 609
64 6 832
54 61 19
66 28 992
65 1 456
7 42 310
19 43 522
7 11 960
4 32 614
2 34 173
34 1 325
23 2 920
38 3 685
2 35 626
56 61 52
53 12 223
51 9 341
39 48 314
38 18 26
21 49 796
50 63 281
7 30 48
67 10 804
3 11 767
71 29 313
32 59 394
58 63 34
62 39 27
4 29 882
72 67 163
39 66 749
8 39 924
71 46 667
7 37 437
67 44 918
13 56 63
46 8 36
12 31 416
48 29 645
20 5 706
58 48 850
22 36 376
30 2 718
48 34 839
73 39 921
63 18 644
44 62 600
17 30 360
17 36 440
6 37 268
70 67 879
17 65 732
47 57 896
10 37 209
30 53 805
28 63 120
69 29 562
30 34 117
21 35 730
9 62 271
54 52 683
47 7 257
35 25 961
28 15 457
28 12 568
33 29 265
75 37 207
14 62 557
63 2 2
48 67 770
74 52 311
39 11 911
38 42 602
54 8 798
43 54 777
41 67 984
31 7 369
41 14 829
29 6 349
10 34 855
22 4 522
10 21 507
2 70 615
73 50 683
44 49 759
72 19 900
66 3 377
59 74 472
58 7 537
67 64 886
65 22 73
8 47 180
70 5 773
65 50 549
32 58 131
29 62 141
28 63 483
69 36 592
40 36 596
20 24 565
42 54 494
1 58 673
50 56 617
26 49 820
62 33 63
30 64 130
70 54 341
27 71 727
71 50 339
7 23 915
40 46 8
51 41 461
26 54 297
43 55 611
14 19 995
4 29 934
36 29 953
10 68 537
24 27 925
3 43 170
7 75 961
62 7 455
1 43 851
44 36 658
59 47 733
27 43 112
36 38 629
69 31 225
66 5 701
2 74 719
28 46 556
64 33 132
6 21 147
22 18 639
72 53 389
61 55 505
58 5 73
8 55 547
28 18 344
50 49 591
38 22 390
5 15 549
47 38 620
70 19 625
75 21 459
30 47 548
17 38 43
37 42 107
48 19 575
29 6 689
17 38 308
3 52 906
69 50 444
57 17 874
7 74 75
35 62 177
22 65 728
73 25 966
42 9 333
60 10 77
54 22 519
46 8 137
46 33 310
44 15 733
51 32 137
13 36 829
67 11 698
20 48 130
31 29 481
74 53 745
73 46 243
19 31 603
52 73 958
29 45 693
14 43 295
71 11 230
8 36 668
17 4 939
27 74 992
53 22 243
52 64 91
20 30 957
7 2 185
18 72 757
61 51 641
9 70 870
20 15 977
28 12 669
75 71 450
40 44 805
33 50 834
26 37 440
21 56 630
45 37 819
2 68 76
54 11 459
23 14 167
39 38 620
39 21 122
16 20 16
61 1 645
59 19 781
42 22 815
18 4 594
67 41 65
66 30 841
36 54 949
72 18 133
9 59 689
62 31 492
60 18 151
74 37 261
9 63 808
32 59 341
4 58 182
74 22 510
47 68 430
43 15 519
17 44 499
50 60 716
67 15 951
13 51 682
22 39 27
69 37 207
47 54 940
14 51 513
53 58 932
11 5 486
66 10 904
7 10 925
65 64 176
60 18 7
50 10 486
30 56 600
70 6 775
22 67 540
21 25 247
69 33 767
22 58 162
3 13 536
30 59 116
33 15 974
70 74 420
29 1 582
74 23 977
4 22 93
17 29 842
49 9 759
24 10 528
41 23 704
71 60 346
54 66 794
54 69 948
38 3 622
41 70 901
6 20 512
40 26 746
71 68 960
19 58 444
47 33 341
36 58 235
73 68 908
13 17 37
67 66 493
53 4 421
24 72 480
59 61 444
74 22 909
74 41 105
26 39 740
59 73 418
24 2 501
75 58 856
71 31 934
43 54 580
56 59 149
51 14 706
75 59 528
61 17 700
2 22 341
63 5 984
12 9 185
21 59 638
9 72 510
54 66 892
31 72 917
72 2 241
55 62 809
22 17 794
48 57 271
70 23 853
30 53 706
61 16 856
47 69 771
66 44 562
19 5 530
37 4 567
3 26 172
38 27 439
18 46 599
40 43 704
34 25 653
2 38 443
55 25 634
62 9 147
37 50 948
2 45 976
65 39 724
2 60 610
14 18 159
65 15 223
52 75 467
45 18 785
52 45 853
75 30 105
43 27 203
25 17 788
22 29 745
53 28 323
11 58 91
40 55 390
68 33 887
74 54 523
41 28 521
37 70 638
58 2 998
3 59 1000
73 16 33
52 3 712
8 47 261
59 40 905
58 61 266
71 65 428
14 49 267
38 15 298
37 40 731
38 47 101
40 41 756
26 54 306
52 22 581
26 66 280
2 3 992
65 30 737
35 44 973
11 48 692
15 17 59
40 26 749
75 31 312
38 64 949
63 48 297
16 68 251
43 13 281
46 19 960
46 10 237
35 1 559
73 23 580
55 26 58
73 8 271
63 66 287
49 18 150
44 29 26
24 66 525
4 57 933
1 29 817
66 33 664
75 58 944
13 9 529
55 31 932
56 43 967
65 62 28
13 51 531
18 24 362
50 52 152
37 49 685
11 6 565
75 73 816
4 11 678
1 24 185
36 49 889
63 39 310
54 51 506
59 26 323
48 15 97
47 17 992
66 71 259
33 28 842
34 33 251
70 59 226
16 48 965
10 7 212
25 60 897
35 64 676
69 2 979
60 14 92
8 66 206
24 31 400
69 44 158
72 39 103
42 17 238
50 43 947
32 42 837
68 44 863
64 58 39
37 60 857
5 18 698
73 65 796
2 61 779
12 10 889
37 31 384
49 7 131
65 6 262
40 45 428
47 28 835
48 39 547
46 22 57
61 56 90
33 59 25
56 35 279
68 8 509
47 74 578
26 41 110
67 46 412
30 54 888
72 21 211
22 33 201
46 68 554
74 41 713
57 46 113
17 71 786
19 63 657
65 49 875
75 65 951
56 22 839
20 6 765
37 38 522
33 29 123
74 64 961
75 71 881
75 17 910
63 4 315
55 2 872
11 74 545
5 21 721
17 5 287
32 15 465
51 39 705
49 19 877
30 64 649
4 22 426
33 50 38
35 19 371
20 18 631
31 41 225
65 60 861
37 3 950
67 4 19
33 11 491
34 64 206
69 47 158
13 45 396
39 52 698
12 45 693
62 54 268
40 4 911
16 7 751
56 20 370
30 70 292
54 16 79
10 44 1000
22 70 302
53 17 922
61 30 967
21 54 592
62 36 484
46 29 473
13 34 953
31 49 322
31 11 475
19 36 550
37 44 290
33 25 143
15 24 262
39 26 537
55 4 607
74 63 132
72 34 112
29 47 342
74 59 18
49 37 879
29 72 929
67 15 986
21 44 30
56 35 511
24 26 759
32 24 503
22 47 331
8 7 136
64 71 367
70 9 61
55 39 865
13 15 13
30 23 49
14 16 1
62 2 441
3 58 951
50 72 581
67 66 924
73 68 256
19 54 203
24 26 795
14 43 549
6 72 766
4 29 131
57 18 17
2 10 942
25 1 503
59 21 430
51 54 945
52 70 685
28 39 266
64 38 311
20 51 776
27 13 449
44 57 323
62 34 923
62 15 681
31 25 99
26 12 930
56 45 273
54 1 992
48 24 898
44 66 637
50 55 878
28 41 986
61 70 993
75 64 27
13 21 824
53 75 215
38 37 204
41 62 852
66 38 196
42 58 726
23 31 101
24 62 960
71 31 210
13 2 810
56 39 85
66 7 437
18 47 846
7 21 838
38 24 41
53 40 113
31 20 141
51 34 800
66 4 813
75 22 151
35 59 797
3 37 468
5 57 358
53 42 833
38 36 137
70 10 160
73 52 266
32 9 365
32 2 326
75 43 210
41 47 435
54 9 680
28 56 942
7 60 133
42 20 591
11 48 472
58 24 837
25 74 707
22 9 932
58 12 454
3 57 302
28 42 406
12 56 152
65 72 141
29 1 751
51 73 274
40 47 179
73 72 481
8 38 872
73 57 767
50 8 528
13 60 769
44 46 160
9 34 230
57 63 810
35 4 730
8 42 963
22 45 639
4 73 284
61 15 149
57 67 520
75 64 776
71 5 785
62 65 320
73 15 747
35 56 367
20 11 441
31 29 594
57 22 225
44 70 983
72 53 865
3 30 828
4 40 637
61 54 607
74 61 44
64 56 942
11 43 204
58 39 398
30 10 239
15 37 418
27 35 970
67 17 337
68 75 896
30 61 141
36 41 971
10 48 294
70 60 92
39 30 464
22 37 877
15 4 506
67 11 379
21 16 149
29 7 900
31 14 708
3 61 792
36 38 938
64 49 529
5 68 600
21 11 219
6 7 64
24 8 439
2 26 722
47 57 943
46 11 209
34 8 365
2 17 759
66 59 837
20 9 615
63 14 805
25 73 71
4 70 269
72 1 507
49 28 91
52 53 702
44 12 93
70 32 495
22 45 220
6 39 891
7 39 427
68 6 858
73 4 313
32 41 261
5 29 914
33 1 515
31 72 137
37 31 671
73 6 130
66 48 985
65 67 150
70 67 494
25 16 826
71 45 969
41 62 135
40 65 995
34 58 199
74 62 264
61 4 861
4 8 42
35 29 610
13 52 359
46 49 334
1 2 439
73 13 519
6 31 519
72 68 839
21 68 967
41 43 386
2 47 879
53 58 469
5 63 246
38 36 94
37 7 556
11 61 857
58 65 9
33 8 616
73 32 281
15 2 162
45 53 871
63 13 342
62 20 665
57 58 675
31 2 579
11 54 854
37 55 260
47 57 524
36 65 100
50 26 906
4 58 779
27 55 277
26 51 683
9 54 798
4 26 683
56 40 514
45 33 748
56 15 341
9 20 805
4 19 558
61 37 907
44 16 89
37 45 825
50 24 838
15 70 274
74 39 903
25 68 890
56 17 121
60 23 984
8 45 581
44 1 195
3 61 505
4 25 851
10 17 714
47 60 481
6 51 393
30 43 826
43 54 926
33 53 398
3 28 968
13 60 673
5 75 400
42 65 352
20 56 586
10 74 329
16 66 714
17 70 564
15 37 126
43 74 724
61 71 980
4 11 216
33 64 767
22 26 557
25 65 331
3 63 400
21 60 622
15 68 97
2 55 412
41 56 342
11 65 737
4 74 784
13 55 999
37 55 534
11 63 267
38 45 998
24 62 54
20 31 973
10 51 958
38 40 29
15 19 735
12 68 976
34 66 982
5 56 309
31 47 815
13 66 819
3 5 989
6 15 416
11 17 800
25 26 821
8 69 819
46 69 25
10 28 913
6 20 839
44 63 475
13 58 216
54 70 398
40 55 105
9 18 935
62 71 278
31 43 484
63 72 960
31 74 889
26 61 915
27 37 627
39 70 307
9 60 69
14 45 360
11 53 84
22 66 344
56 70 47
7 61 638
10 44 173
38 71 155
28 36 637
30 56 988
49 55 877
39 48 962
23 33 728
48 61 948
26 32 372
32 44 487
23 38 608
56 61 602
24 37 575
14 55 611
9 72 252
45 58 330
45 47 995
28 34 685
6 29 474
33 69 139
23 45 104
19 32 473
18 72 568
8 37 688
7 49 611
18 46 842
12 73 85
37 65 276
1 28 492
23 59 84
33 62 229
3 38 407
31 57 612
5 45 4
9 30 822
48 73 85
51 75 875
1 27 725
60 73 6
22 49 3
11 19 694
36 64 991
36 65 151
26 57 824
46 58 383
34 35 125
51 60 819
23 53 421
34 45 968
3 72 542
59 74 522
25 68 951
15 33 697
11 66 671
44 65 8
8 55 899
36 67 336
71 73 252
8 36 721
28 46 819
29 61 974
41 61 349
11 53 673
2 33 865
4 17 468
60 69 632
4 50 401
63 64 126
40 53 287
35 38 270
39 64 583
11 38 831
17 67 242
29 37 845
7 9 463
64 69 91
13 34 343
20 29 449
3 17 345
36 74 96
2 37 700
38 62 252
16 50 104
31 61 369
52 74 233
49 66 367
23 29 458
57 58 388
16 26 302
18 52 962
21 60 500
43 71 129
31 69 711
16 59 271
7 52 637
16 74 647
15 33 777
2 75 930
33 40 323
35 53 537
24 34 599
8 40 823
3 44 493
46 68 939
40 63 830
5 37 289
2 31 679
33 36 264
1 15 347
3 20 92
56 65 973
12 17 216
30 52 137
24 64 276
60 66 109
13 75 864
40 42 892
7 20 689
8 41 351
25 55 90
12 69 455
59 74 375
21 54 306
38 49 339
5 8 551
26 31 514
56 57 489
7 56 72
8 60 858
3 39 974
11 37 356
14 28 130
8 53 901
4 15 104
32 51 230
19 26 970
45 66 359
35 45 37
44 48 406
22 62 965
36 50 529
5 12 61
9 64 208
36 43 499
30 74 593
50 60 938
17 19 45
64 74 196
18 74 754
39 44 314
33 57 318
45 49 464
18 64 652
6 55 553
51 56 126
21 57 89
8 65 523
42 58 442
1 26 0
3 28 655
29 31 626
34 68 97
6 54 609
41 57 419
5 11 871
17 38 289
8 21 260
30 75 667
