100 4950 298 73 92
25 95 206
47 51 421
94 65 51
41 85 746
52 34 799
58 90 164
82 76 636
18 30 933
62 63 231
61 89 809
24 18 571
27 32 615
8 44 328
69 86 36
38 55 61
71 30 771
23 76 549
32 11 93
30 33 818
19 74 720
54 38 511
83 44 135
1 10 819
18 1 538
6 97 840
85 100 213
85 74 978
77 42 807
100 77 554
99 51 942
63 24 17
22 53 140
82 30 775
23 66 261
49 57 340
2 81 736
64 30 630
17 75 758
41 35 362
49 78 170
11 97 266
77 74 479
53 84 178
15 80 290
1 63 900
47 51 918
15 17 126
72 71 132
59 43 381
42 85 486
73 2 359
47 24 411
21 6 545
92 100 635
30 29 671
35 9 566
64 76 62
3 18 117
8 62 1000
27 84 642
78 7 324
21 62 948
33 84 954
71 8 58
90 70 38
32 70 207
67 96 876
99 94 210
22 82 520
15 11 711
68 20 717
98 60 43
92 27 520
52 96 295
4 62 948
10 33 825
79 21 168
64 12 548
7 98 293
75 76 520
49 12 276
6 10 240
87 57 875
16 90 368
47 81 419
90 2 819
29 68 910
38 60 110
96 49 364
62 28 63
37 47 962
38 67 234
40 64 257
58 34 583
18 53 891
52 84 153
96 40 665
7 17 546
68 60 893
81 13 210
56 77 91
64 65 279
14 45 200
82 100 122
25 76 224
76 98 151
6 70 240
56 96 454
41 50 712
15 34 280
90 27 717
62 93 821
7 80 844
29 32 717
68 63 93
78 29 701
12 75 0
9 23 344
72 7 226
26 79 135
99 26 199
13 49 590
71 92 791
4 21 626
1 30 657
25 11 643
2 81 912
91 52 612
12 2 811
68 86 117
12 62 596
35 91 862
100 54 207
38 60 836
39 76 582
61 99 652
4 47 921
40 39 990
49 12 894
62 94 362
59 43 665
23 67 931
5 43 429
93 54 605
35 21 739
89 47 308
90 55 546
35 70 631
22 94 222
75 57 199
63 83 907
28 58 877
27 32 120
61 13 706
73 52 127
21 53 833
71 45 850
39 85 644
25 93 136
67 97 52
56 17 951
12 25 138
15 61 466
89 36 950
29 50 962
19 89 469
8 14 196
50 47 689
64 83 133
53 42 262
21 46 133
82 70 726
6 51 471
85 32 85
16 52 949
86 44 701
69 91 921
96 38 553
36 7 160
38 79 178
90 54 512
35 63 65
37 72 966
69 7 267
8 6 331
2 77 778
76 27 555
95 57 468
76 35 150
48 77 156
86 99 771
44 71 269
35 20 903
18 68 301
11 52 620
2 73 901
52 15 801
82 38 359
32 2 625
36 96 982
13 96 111
76 74 909
99 69 998
79 88 545
6 50 622
16 11 799
43 95 844
50 92 821
56 77 509
76 31 808
7 90 166
50 47 260
34 28 769
24 5 630
71 29 682
77 94 194
5 9 715
5 83 664
60 30 812
95 96 385
54 14 145
86 5 839
55 62 338
37 93 583
84 19 453
94 26 70
95 81 383
77 31 380
73 99 257
40 23 929
51 10 358
82 63 149
74 41 141
83 57 452
19 68 465
54 20 202
24 6 134
62 98 320
47 82 512
8 97 20
78 36 88
16 59 657
97 23 712
61 10 732
52 24 71
34 41 468
23 48 60
85 81 325
58 20 287
27 29 304
8 90 367
30 53 225
71 99 336
22 40 296
3 29 483
20 59 483
74 82 801
61 98 858
7 59 303
83 80 920
96 73 602
14 43 638
23 11 6
33 72 851
87 43 713
80 59 611
79 62 184
25 24 733
38 94 864
64 61 913
53 91 922
9 19 93
47 88 437
35 75 372
80 95 547
84 45 161
39 28 783
81 46 510
48 28 332
64 95 695
5 2 259
90 15 601
73 7 131
35 75 614
59 74 556
52 77 515
47 72 792
23 58 871
71 63 92
62 43 305
2 47 916
55 45 628
65 52 5
2 85 390
6 89 618
61 52 421
52 56 698
33 78 833
22 46 786
32 16 604
30 45 322
56 57 460
76 83 369
88 58 232
1 37 796
23 84 469
39 44 874
82 62 366
18 99 166
31 23 243
30 90 859
52 42 547
83 78 687
60 91 193
72 46 374
85 2 87
64 23 84
74 83 556
55 11 417
88 84 648
52 42 789
93 45 332
88 60 934
47 76 11
44 56 647
41 46 809
88 34 652
100 82 647
34 74 161
8 33 682
87 14 296
13 20 802
15 43 23
39 62 244
97 67 907
62 83 56
48 39 563
88 28 958
70 75 572
63 40 420
1 82 420
87 68 424
75 17 360
24 38 554
17 31 464
48 34 569
67 9 546
72 12 493
62 45 595
85 84 869
32 1 685
46 30 580
85 45 160
50 81 944
59 35 643
18 24 489
31 75 607
72 80 748
13 57 0
63 9 531
84 88 973
2 73 85
20 92 44
45 35 523
78 27 419
19 64 278
91 27 720
39 55 459
93 74 69
32 33 1000
15 1 173
9 32 894
51 86 221
45 70 638
70 80 124
51 71 98
63 17 139
22 34 400
12 49 162
46 75 312
15 92 641
15 78 514
70 8 369
82 8 616
65 32 239
50 84 716
70 1 366
4 80 108
78 11 838
23 12 234
52 30 363
27 66 993
96 78 693
78 53 956
66 63 902
45 24 360
31 39 508
86 79 618
89 16 355
66 45 215
14 1 280
92 59 988
16 56 654
26 100 506
57 54 607
5 14 148
62 75 274
9 18 433
45 88 910
35 93 281
46 55 329
39 93 538
98 19 568
78 55 224
4 39 847
11 93 231
16 39 313
94 11 800
69 13 385
82 2 504
4 94 904
13 48 690
25 75 953
88 26 65
31 11 314
63 17 636
15 42 378
66 67 108
83 47 250
20 60 979
76 35 86
94 31 526
22 43 838
6 18 364
100 1 376
69 27 562
77 65 342
89 15 910
82 49 858
80 81 143
93 17 45
40 97 438
36 81 903
77 15 871
16 54 920
87 79 880
90 64 223
99 20 254
96 94 87
7 48 21
3 16 801
19 51 502
74 94 358
65 77 576
76 63 282
19 44 728
48 41 44
86 11 18
36 42 924
75 59 546
41 55 242
82 80 305
11 35 602
52 68 576
65 86 517
33 76 813
60 64 625
99 72 952
58 14 483
65 19 877
39 9 519
26 21 952
19 53 36
61 26 286
58 41 441
5 91 87
76 42 586
94 36 199
46 96 547
85 67 875
33 42 131
81 87 539
50 32 961
88 56 683
95 91 340
28 63 811
79 34 557
92 91 874
38 80 152
3 38 936
99 23 268
16 68 534
19 84 651
65 31 203
9 26 608
48 55 439
4 48 614
88 100 69
100 55 839
17 29 902
53 59 31
78 12 969
61 52 920
40 77 659
73 41 749
14 61 227
99 38 350
37 9 500
85 79 672
53 29 165
56 12 543
83 66 826
41 12 395
99 51 827
63 98 898
16 90 790
88 22 899
90 86 188
27 17 619
71 69 72
94 2 364
69 71 942
7 40 457
85 67 688
8 39 875
83 14 504
79 76 660
86 1 711
94 96 938
46 80 766
86 63 771
87 80 247
90 19 669
4 20 231
48 35 297
63 9 775
7 63 976
92 14 440
65 55 252
49 92 303
32 73 522
37 60 289
26 9 515
84 47 748
46 60 275
66 67 902
51 11 62
43 66 244
35 82 929
13 62 722
25 76 551
39 33 247
44 33 478
18 13 570
39 25 773
32 54 377
29 75 556
89 41 306
10 2 458
14 99 295
9 71 32
59 68 393
72 59 262
87 47 409
98 5 635
30 35 175
9 82 46
67 95 694
89 48 322
80 14 896
77 85 983
95 6 54
7 89 708
86 65 1
36 88 558
66 65 414
22 14 368
18 73 691
82 31 281
92 9 943
46 57 353
18 86 135
51 65 674
13 57 754
65 24 739
71 98 478
27 57 854
15 81 735
47 29 211
34 76 361
88 69 19
22 95 720
41 98 759
8 20 567
29 79 4
95 67 777
23 15 492
39 72 564
2 14 730
17 18 420
75 41 908
76 24 743
15 30 746
25 93 705
100 95 790
94 82 950
67 21 158
62 29 374
64 4 638
77 52 256
90 19 845
83 13 428
95 40 549
4 83 692
98 59 671
24 5 810
98 29 270
92 35 446
26 54 434
20 46 762
7 34 343
72 96 775
57 78 779
80 50 245
95 29 925
32 65 177
9 28 377
28 76 486
65 48 253
11 1 457
96 100 401
51 17 174
35 1 399
50 93 690
68 31 779
73 18 606
66 67 273
92 39 635
20 54 198
67 37 515
35 78 595
83 100 692
81 3 617
41 83 143
2 31 884
3 48 942
41 7 40
76 92 677
6 18 650
56 62 16
46 32 351
13 44 870
48 53 960
63 74 530
3 34 899
49 72 509
40 97 724
22 71 68
55 5 481
77 55 219
9 53 823
95 80 542
9 53 5
20 47 679
46 5 352
70 60 695
35 58 319
9 22 584
13 77 777
53 58 938
15 3 331
30 80 325
53 30 58
2 16 844
55 56 287
15 14 870
24 64 240
16 44 514
79 63 26
27 75 925
62 41 560
2 92 960
29 78 843
100 65 807
67 51 105
49 22 367
92 56 681
80 5 5
66 78 504
15 98 473
33 72 602
9 64 18
70 62 851
33 31 12
62 30 909
94 38 665
17 16 899
4 14 902
16 31 12
31 100 239
73 26 377
89 75 13
94 54 272
17 27 805
67 14 707
44 78 91
21 2 918
79 51 405
40 27 491
7 68 479
90 50 50
42 8 879
73 52 793
48 45 787
20 7 275
97 57 813
90 79 229
89 36 448
94 86 587
72 100 106
21 88 180
66 64 56
22 13 10
41 89 756
28 58 738
33 11 530
11 86 450
100 98 905
96 99 556
92 94 857
55 19 568
46 59 535
23 34 857
16 58 117
42 35 823
23 37 899
87 44 610
55 18 50
32 2 699
5 24 145
37 99 826
51 50 219
96 81 929
10 62 166
76 53 456
50 63 423
35 44 344
84 18 104
83 40 977
45 4 319
54 92 247
61 68 492
85 86 74
88 31 923
74 91 548
51 42 637
72 46 138
35 57 175
72 100 603
91 52 44
100 31 702
79 51 97
21 72 36
34 83 984
48 13 261
16 97 421
47 79 652
67 9 526
7 14 56
59 53 290
70 56 431
16 71 139
89 85 261
7 49 13
49 92 736
36 77 601
45 46 46
34 82 624
36 70 561
1 21 174
20 82 154
73 13 735
58 80 870
50 28 697
91 45 138
3 8 727
16 1 93
33 36 400
5 86 594
22 38 940
13 16 221
49 33 519
8 99 611
75 84 420
48 65 972
43 53 536
8 2 678
87 24 64
37 63 336
77 80 507
79 89 765
31 2 916
64 25 620
28 86 626
5 94 17
61 29 630
45 82 978
84 43 792
80 72 331
74 92 721
57 79 173
58 8 606
14 82 882
64 90 870
59 53 787
60 98 39
59 37 550
48 91 570
34 54 901
42 20 489
72 100 295
83 88 952
1 29 374
30 28 955
93 53 16
9 92 995
67 76 151
10 51 207
14 13 270
96 18 406
15 57 690
19 30 986
80 58 301
40 74 300
97 29 889
82 63 494
82 66 11
94 46 545
30 98 623
91 65 442
93 4 258
11 75 49
94 17 487
48 84 893
85 13 674
96 94 643
57 58 197
21 53 78
37 90 148
73 89 193
58 84 977
14 57 410
70 18 783
21 9 681
10 21 704
42 99 865
40 26 659
83 7 63
84 79 774
76 50 387
84 70 954
59 24 704
28 4 774
64 80 19
80 50 557
25 43 741
26 34 134
79 85 836
87 85 8
10 59 420
53 82 868
93 62 804
23 79 791
71 72 187
7 86 498
27 53 847
33 11 519
96 89 904
93 4 984
51 84 368
16 2 615
94 98 643
94 3 820
90 68 981
63 83 420
32 98 275
1 23 372
45 85 55
2 60 729
8 13 410
94 5 987
42 96 189
30 88 674
98 26 135
94 20 63
72 67 991
63 89 706
39 92 402
44 19 118
57 88 290
67 56 264
28 34 625
39 11 800
93 20 954
26 78 674
49 68 944
20 21 817
18 14 841
16 78 47
71 99 373
80 47 877
61 56 484
41 93 903
87 29 731
74 36 907
29 27 73
65 5 961
60 2 116
27 55 407
43 98 228
75 85 271
30 10 457
68 35 633
2 87 915
74 36 210
68 33 708
14 39 862
66 85 843
62 21 99
14 74 819
21 72 267
3 72 122
27 32 251
40 26 714
17 59 279
59 30 160
62 15 735
11 67 118
56 92 667
1 46 866
22 68 421
27 75 190
51 55 648
19 43 80
55 11 546
78 46 293
46 47 771
62 21 233
39 63 440
87 35 592
76 29 332
80 100 446
72 18 683
15 40 901
30 94 238
56 59 624
60 16 511
35 6 672
24 92 88
29 33 55
37 96 744
94 27 939
67 69 834
32 34 574
80 47 448
43 9 387
1 43 298
86 74 14
26 44 718
83 5 943
37 44 180
7 46 386
4 7 514
35 85 978
36 27 862
32 87 184
56 57 160
25 98 290
65 62 369
45 12 813
22 48 680
41 25 252
37 17 814
58 97 663
53 15 491
72 37 399
17 51 898
51 5 799
14 47 903
10 94 27
62 59 312
30 1 679
48 79 575
48 78 350
62 35 894
57 75 648
29 45 778
29 81 472
48 58 637
94 4 658
39 5 178
23 88 345
2 59 558
50 40 617
34 98 555
88 83 352
19 32 172
66 40 216
84 83 532
65 6 315
12 81 593
3 37 479
53 98 330
79 28 170
25 61 370
90 64 902
67 18 403
68 10 900
4 48 783
59 67 282
67 93 991
5 86 288
54 92 667
9 37 683
13 53 211
47 64 64
49 26 210
51 23 549
97 71 618
49 8 570
75 33 4
99 85 631
28 31 613
38 4 931
2 58 817
43 67 434
76 55 440
82 49 35
30 8 169
20 61 502
96 25 127
13 34 211
10 20 723
1 98 47
61 21 850
85 52 334
56 68 499
24 81 277
38 69 171
46 59 405
51 4 670
90 40 534
32 89 43
80 95 436
60 7 638
66 70 592
59 29 137
33 98 301
74 7 1000
84 28 46
65 16 187
90 44 252
7 92 264
50 32 714
34 27 596
7 79 739
43 28 963
80 63 460
51 25 153
14 25 31
58 60 836
4 75 457
60 24 416
98 9 964
70 5 13
76 39 175
55 11 51
24 71 460
23 88 171
14 8 104
1 42 908
23 63 343
35 97 854
54 100 893
12 96 835
86 10 201
45 13 372
34 23 732
86 6 432
100 54 569
35 53 932
30 38 750
62 64 845
98 99 89
89 27 18
84 73 57
76 84 954
67 66 391
60 85 129
76 67 721
68 32 192
59 5 398
93 88 672
80 21 21
38 92 749
31 65 600
34 24 795
7 51 356
77 20 915
18 62 765
82 4 347
47 65 586
20 55 25
20 96 551
74 31 2
45 61 560
69 81 215
22 94 947
5 56 800
43 23 540
7 15 675
90 23 6
23 88 668
16 68 87
25 42 401
34 75 480
77 67 451
33 48 643
12 86 321
66 40 539
18 66 833
50 34 987
100 80 35
18 73 994
30 9 438
97 44 357
93 83 300
24 92 332
17 49 585
81 52 474
62 25 424
99 34 952
94 62 652
75 82 943
10 30 381
59 47 195
16 77 576
100 77 100
97 80 64
60 15 129
80 96 934
81 51 77
64 79 55
54 2 255
22 79 382
95 69 493
54 96 75
70 4 718
36 76 998
89 10 830
29 84 893
12 47 705
6 92 55
56 72 123
36 70 136
55 11 348
79 37 918
6 63 522
19 6 754
82 56 495
14 60 857
80 38 188
29 36 34
68 50 998
16 15 61
33 99 260
9 91 908
71 52 102
89 52 840
97 76 951
81 88 544
52 5 141
30 83 332
24 50 832
85 31 35
63 61 639
64 53 28
35 52 482
94 82 569
69 11 844
19 77 14
5 97 277
18 81 52
54 25 736
29 68 93
25 93 566
17 92 203
69 18 860
66 72 691
82 71 698
48 17 610
5 89 924
49 64 157
20 56 281
26 51 428
49 65 796
48 82 446
29 99 466
33 55 859
85 28 100
74 21 779
6 18 953
79 23 433
15 13 158
95 8 313
30 1 144
75 6 653
32 87 349
26 32 428
94 70 706
70 8 300
82 56 295
13 75 873
84 48 148
25 27 467
88 20 744
42 69 706
63 97 12
79 87 323
30 49 26
85 80 774
56 3 223
72 79 574
84 88 691
83 34 788
26 92 24
59 87 564
61 72 762
19 9 60
97 57 377
10 7 852
40 1 941
73 75 196
82 77 838
10 29 116
67 71 229
98 87 81
50 57 210
46 35 402
22 82 576
88 35 755
79 5 280
67 64 347
1 21 167
23 12 662
65 62 694
21 12 607
11 44 138
95 27 284
79 41 179
44 65 964
37 83 675
20 86 387
11 3 487
34 70 512
1 34 348
50 20 812
68 20 89
84 99 559
2 60 546
51 27 445
64 61 41
63 19 831
99 1 414
44 40 102
68 27 334
87 63 937
91 65 72
38 99 578
16 40 269
32 61 388
59 47 184
29 10 462
34 56 711
66 54 8
50 10 487
37 33 291
35 53 505
94 37 476
9 74 301
1 77 7
94 22 353
72 54 744
6 52 790
98 9 900
8 12 72
53 4 939
23 88 107
79 52 276
85 96 810
40 27 110
22 9 813
70 58 202
37 16 421
36 2 4
80 32 520
28 97 716
33 36 85
73 32 820
76 55 418
42 9 965
52 99 704
65 54 94
20 97 884
51 45 299
84 20 187
8 70 948
51 62 882
7 97 933
11 84 410
29 100 852
3 71 481
18 3 121
65 52 556
63 29 164
36 65 652
21 11 208
96 63 373
45 32 24
47 69 412
15 93 608
10 53 110
93 18 791
66 29 983
68 66 139
34 21 409
44 86 31
40 62 443
75 12 70
51 48 438
2 5 931
60 11 334
91 58 663
96 84 674
58 98 692
83 58 357
73 2 270
90 59 107
90 9 515
44 14 141
37 28 110
82 56 176
19 86 320
36 99 639
62 54 832
98 58 726
1 33 19
53 58 880
19 95 261
21 43 243
24 51 738
25 51 8
64 33 289
50 15 899
99 78 971
23 29 521
16 32 338
44 77 974
20 24 1000
9 27 294
52 15 523
56 11 574
3 67 697
45 2 655
99 74 569
67 99 438
16 34 10
35 99 517
9 7 436
46 23 273
35 1 625
84 39 400
29 64 190
28 84 465
36 100 486
75 25 226
4 18 24
96 27 650
72 71 324
2 67 683
46 4 273
87 51 58
58 70 56
4 97 182
32 76 551
56 1 784
28 52 610
28 29 892
19 44 419
72 6 437
14 3 248
38 85 161
17 40 393
40 75 962
12 76 442
38 77 980
85 41 379
36 21 677
30 2 413
84 35 132
65 3 560
19 99 597
26 51 485
33 83 978
40 24 219
60 37 684
89 94 681
42 95 537
55 40 327
47 28 950
41 69 231
28 26 691
45 65 925
17 19 818
82 84 185
9 65 628
50 93 258
16 91 465
57 60 949
24 54 44
89 86 466
84 20 752
63 16 898
39 70 152
56 93 52
29 71 945
99 55 261
55 61 749
67 79 457
38 39 956
28 47 884
68 47 570
45 56 7
90 17 312
79 69 632
99 69 317
21 75 465
21 80 314
77 79 131
88 99 60
38 73 432
17 36 488
17 13 733
76 13 73
20 35 668
27 73 71
93 52 536
75 6 39
100 84 241
51 49 824
70 33 497
59 66 575
89 24 72
9 87 268
17 70 378
47 19 580
72 51 895
13 81 976
70 89 779
29 9 551
3 58 248
17 87 897
97 6 832
10 83 880
65 25 684
69 50 682
10 72 233
82 23 564
24 16 20
7 1 594
39 21 491
55 42 65
48 20 606
38 19 572
61 30 784
27 22 775
47 60 715
4 93 774
29 73 441
47 57 646
56 49 371
70 14 739
27 68 598
41 69 165
22 35 776
4 74 616
72 35 159
34 36 288
35 70 489
46 73 538
63 96 475
93 85 163
81 18 643
67 50 845
74 19 185
73 65 678
94 28 821
41 75 831
18 7 325
97 51 577
61 29 814
100 6 387
12 78 919
53 59 703
90 58 772
57 90 186
18 78 326
16 39 343
6 77 732
53 91 362
70 87 425
20 56 540
53 21 303
64 75 638
28 58 990
84 17 815
8 78 173
12 86 756
50 92 424
59 61 394
67 66 263
93 95 961
84 91 592
12 52 1000
32 19 824
89 60 309
77 23 267
92 66 350
23 34 183
22 80 763
68 82 716
91 47 986
43 74 751
72 56 18
46 73 109
72 13 321
92 5 232
27 96 473
6 70 984
82 83 670
41 75 510
27 4 655
91 6 288
45 6 846
18 80 748
50 70 920
65 86 89
44 29 372
38 39 340
26 59 887
85 24 91
7 40 432
7 56 413
65 52 855
39 37 382
80 39 956
68 34 365
53 35 698
72 50 859
46 58 982
28 70 787
73 33 458
86 98 474
23 49 827
27 17 607
85 70 35
27 80 892
64 7 856
55 50 896
12 59 332
24 81 338
97 43 270
6 45 499
59 22 411
2 79 240
37 55 859
73 81 741
15 76 566
64 23 692
99 66 547
58 41 255
57 13 570
96 2 675
95 21 311
57 7 1
26 68 962
15 10 333
32 59 346
9 55 171
27 51 554
31 2 108
74 93 431
90 61 896
73 27 225
59 75 142
53 23 17
99 62 266
16 65 572
24 56 765
9 7 372
99 1 902
52 54 50
7 81 859
82 80 845
29 25 134
59 35 204
40 92 179
13 76 621
79 31 463
59 91 742
84 58 470
3 92 410
9 60 541
88 75 55
10 88 755
33 16 376
7 97 816
92 91 354
66 51 90
74 25 380
26 40 808
17 42 483
1 52 852
16 98 186
41 27 854
91 44 635
81 98 908
43 3 939
15 2 309
22 88 692
24 45 723
54 87 560
68 10 90
36 97 608
14 84 644
16 27 777
92 98 528
81 75 264
48 87 783
67 97 946
41 16 385
1 55 466
56 7 605
63 43 345
18 91 830
38 63 701
81 31 463
26 83 881
58 90 468
87 15 309
90 43 288
70 84 288
86 54 886
47 70 859
72 77 629
45 59 120
88 13 963
33 90 943
94 79 761
72 88 643
3 25 277
56 79 211
85 33 813
66 83 781
37 63 993
18 96 382
62 21 901
14 1 325
66 24 322
74 2 88
7 79 50
38 62 852
8 78 993
4 99 758
23 92 931
2 26 515
38 9 733
50 59 249
33 53 606
79 70 217
26 94 628
38 65 490
13 22 561
100 24 577
88 34 523
32 31 944
48 25 644
5 64 27
22 35 349
68 78 303
33 80 308
59 2 58
94 68 719
53 87 204
25 18 90
53 74 679
65 99 956
62 19 558
83 52 760
87 5 589
69 2 964
94 12 679
76 59 380
25 90 87
87 11 111
22 100 986
27 86 201
71 90 926
34 57 980
19 14 544
7 33 310
46 27 759
72 70 426
96 9 88
16 48 891
54 34 644
45 59 859
24 52 565
58 12 590
5 56 687
37 14 29
49 24 964
15 64 437
29 76 917
99 91 71
95 31 530
73 6 34
56 21 450
94 19 937
12 61 151
81 43 528
73 91 522
1 70 657
62 8 129
59 93 64
54 97 124
60 50 627
23 40 312
57 38 629
69 41 881
8 81 983
27 43 86
29 14 281
70 75 1
87 24 76
30 42 960
36 12 285
37 69 880
32 62 875
84 10 964
61 8 812
55 78 155
32 80 407
59 16 840
84 46 99
64 44 56
82 23 300
88 8 687
100 2 860
69 92 307
65 6 299
27 76 626
19 87 967
83 40 213
16 91 711
74 56 379
21 47 20
9 35 473
29 95 259
83 57 567
64 26 695
93 18 650
77 91 482
34 24 374
54 56 499
16 23 405
48 9 489
71 66 261
30 8 32
27 7 768
61 52 844
93 24 27
61 74 603
67 43 457
20 77 80
73 56 365
72 90 891
24 75 591
80 7 294
62 91 452
93 22 260
49 72 552
60 1 831
14 63 52
4 7 311
7 64 991
55 52 370
68 33 894
69 48 88
25 79 892
62 31 744
100 3 828
18 73 802
41 20 789
72 76 969
15 23 370
67 63 11
86 23 236
18 7 74
66 91 820
20 29 35
100 26 788
6 10 599
68 61 151
87 33 877
50 84 521
11 100 723
1 32 191
10 70 261
73 75 983
23 46 855
28 34 611
17 94 233
19 93 329
5 44 721
25 61 985
33 66 588
14 11 359
53 9 55
44 55 40
29 12 303
80 72 627
42 25 779
78 38 722
17 61 177
79 53 670
8 70 862
88 94 28
68 22 973
36 89 573
72 40 870
13 44 713
61 57 62
83 27 329
26 24 787
78 1 668
50 34 366
28 38 342
32 64 63
84 12 704
53 83 367
29 45 843
68 78 63
23 50 936
1 6 780
32 17 661
56 65 816
53 74 439
80 69 877
16 79 661
55 9 981
45 4 562
44 7 604
98 86 618
40 99 373
36 18 251
5 49 515
58 21 170
32 38 144
24 35 92
1 13 809
54 68 109
55 15 250
52 69 81
3 11 612
91 16 714
31 62 16
17 93 518
24 100 608
6 53 122
87 72 658
32 76 678
77 66 223
39 90 663
80 27 842
4 20 210
91 25 776
21 84 989
34 73 229
79 32 424
12 78 844
40 84 505
32 95 933
82 68 584
50 35 246
31 22 199
17 71 341
14 65 714
70 33 6
92 28 559
54 62 182
80 76 572
6 32 25
91 5 672
32 77 340
81 54 409
7 74 689
95 29 970
31 28 515
2 8 727
52 64 463
96 1 282
88 33 746
82 1 543
40 65 626
75 7 658
64 71 53
4 34 750
39 86 102
12 79 654
77 15 718
8 50 951
46 66 31
75 73 436
100 93 468
61 24 74
53 49 666
82 98 85
6 76 579
31 46 932
6 26 169
68 84 700
52 78 882
90 61 337
62 97 40
4 47 530
9 84 205
31 21 178
92 88 60
23 10 6
57 50 441
65 74 323
36 52 425
76 90 137
68 52 91
15 91 247
53 33 159
75 30 994
15 74 953
28 12 612
69 95 407
82 32 861
70 53 471
8 77 504
72 32 204
61 27 869
26 27 603
7 83 322
98 50 601
78 98 348
29 4 697
5 10 345
70 50 294
35 51 482
65 46 294
50 74 414
68 55 910
24 8 161
71 31 779
41 20 228
55 72 397
25 51 942
24 35 644
29 70 475
23 86 498
100 50 692
85 48 65
90 75 72
42 86 239
61 5 692
94 72 991
42 8 548
67 54 569
79 24 385
79 48 742
18 63 842
19 93 573
54 21 707
39 55 53
88 77 965
44 25 930
70 95 26
82 34 263
35 13 445
8 79 660
79 2 868
47 51 166
9 54 893
6 57 621
58 41 919
2 75 677
15 92 945
16 2 295
73 62 789
41 60 30
32 30 309
100 87 866
33 57 207
70 58 386
62 45 686
1 24 691
99 58 690
19 54 981
5 42 501
56 7 180
45 95 194
90 38 674
100 28 407
92 88 933
32 11 188
67 68 170
76 3 183
100 43 126
79 51 450
45 54 277
78 52 217
67 76 704
40 76 657
56 70 586
71 3 396
37 78 557
66 64 209
18 19 394
68 25 538
33 34 731
12 6 607
80 53 66
60 6 306
25 91 959
87 76 473
57 55 961
49 89 791
13 96 96
9 11 926
60 9 496
29 12 105
97 11 45
28 44 205
97 75 740
2 67 933
91 66 429
44 14 191
6 14 361
32 51 623
78 2 988
27 81 369
17 11 279
24 83 269
1 33 887
67 93 603
74 64 770
53 16 933
63 8 423
31 61 910
33 31 917
39 33 107
14 97 254
57 65 995
63 42 946
17 68 8
77 42 231
69 33 886
9 96 996
6 71 211
34 47 191
74 44 131
47 26 215
26 53 27
88 21 738
62 85 595
83 90 735
24 87 458
61 28 357
25 35 63
46 95 492
37 94 890
3 21 752
73 60 4
7 65 992
81 22 664
94 42 362
88 7 816
4 93 285
33 35 648
78 59 972
78 76 387
48 92 757
20 81 900
81 54 774
8 81 424
23 49 741
72 3 176
16 27 299
22 89 523
52 81 14
53 31 799
55 35 7
33 4 372
96 26 596
93 32 794
42 21 504
74 84 808
26 97 409
59 46 574
80 54 373
14 98 572
27 80 590
61 1 600
48 97 30
75 16 711
89 90 905
29 91 224
47 27 240
41 33 732
12 71 390
100 57 479
3 85 187
28 4 80
10 14 128
5 17 229
87 2 592
16 54 327
76 9 42
89 86 274
84 71 791
84 27 721
29 98 627
62 17 8
11 67 550
30 66 474
35 39 622
5 6 83
58 7 668
23 10 384
13 66 234
49 30 642
2 84 658
100 35 975
7 19 810
33 92 995
84 65 558
27 79 983
83 52 619
36 34 237
22 58 205
33 83 478
66 50 610
43 90 219
88 59 280
49 14 243
54 43 94
100 61 573
57 15 141
35 14 2
41 78 948
76 43 537
67 88 811
26 21 385
45 73 774
93 12 32
18 73 498
44 69 692
13 81 208
74 100 198
45 17 384
39 80 771
79 65 0
60 39 472
83 51 501
45 20 251
60 38 18
67 81 111
31 75 471
28 46 533
15 87 293
4 7 141
98 21 870
66 78 927
76 17 497
2 71 398
22 30 132
12 85 488
8 47 965
91 60 640
88 22 882
91 56 117
16 45 212
79 11 127
23 48 826
65 35 509
51 83 80
78 33 448
53 25 742
36 45 105
48 83 321
37 19 113
3 8 35
26 93 196
95 65 241
14 99 144
52 7 738
95 71 958
72 56 631
48 34 112
67 47 610
34 84 368
2 47 151
58 57 702
5 99 716
3 48 615
22 70 257
55 70 795
4 59 276
12 43 988
63 65 383
96 15 221
42 78 556
94 64 820
66 15 671
85 92 286
34 4 617
80 73 399
70 81 185
44 81 515
82 70 768
30 5 279
46 96 840
79 44 922
42 25 262
86 76 22
8 86 649
13 99 950
34 14 150
8 69 416
54 57 434
48 64 660
24 9 1
82 21 623
52 100 524
46 94 218
57 40 791
27 97 933
51 74 706
67 21 704
26 17 38
36 6 300
83 87 923
71 92 525
47 53 925
23 64 354
39 40 996
50 42 90
71 58 648
79 58 173
33 3 41
21 49 664
1 56 565
56 46 205
32 73 426
48 72 204
43 60 771
45 100 571
64 36 210
77 78 508
33 74 42
8 13 739
87 40 994
100 86 768
42 4 57
36 58 624
56 46 447
91 59 483
16 89 845
23 62 829
22 32 596
38 34 530
10 89 654
47 57 885
52 17 865
76 90 383
51 81 38
86 7 540
93 96 928
61 31 699
42 34 821
34 25 368
16 56 681
37 70 870
49 63 929
45 92 413
58 52 184
56 14 629
27 42 676
33 69 182
89 98 343
15 30 863
25 8 455
81 36 936
67 97 378
3 20 342
48 66 277
50 61 829
13 59 233
39 54 344
21 66 347
76 53 679
61 11 60
1 40 263
98 15 826
20 68 103
11 55 676
94 30 59
40 22 49
90 38 652
46 100 893
24 77 241
48 31 296
7 43 738
39 63 406
26 20 674
16 15 225
37 39 873
51 98 876
14 65 318
73 72 7
89 91 932
95 80 41
45 64 835
20 11 484
96 62 226
96 26 532
57 58 486
9 44 71
40 90 583
49 44 245
23 49 919
46 10 50
78 37 839
82 67 915
88 68 344
50 42 963
70 56 546
91 18 632
56 90 182
97 87 728
97 98 365
53 20 266
34 61 680
67 18 582
8 42 731
57 17 202
46 77 871
12 97 837
68 43 704
29 17 211
21 39 216
6 65 169
83 41 350
41 2 42
49 4 41
83 15 297
41 4 51
76 34 789
33 58 274
37 56 923
53 6 344
1 14 636
21 89 279
11 23 258
36 34 736
35 51 528
55 41 780
6 73 945
68 95 210
36 50 801
100 7 957
37 80 970
27 82 911
3 86 630
9 13 989
98 18 829
39 95 316
35 36 152
40 95 340
18 65 998
60 43 861
15 7 153
9 56 928
74 33 764
91 3 484
2 21 366
47 88 387
82 30 190
7 41 397
45 16 981
45 52 409
28 77 116
57 14 364
89 91 516
90 2 784
10 64 382
60 97 171
40 14 401
22 24 678
62 75 261
33 84 945
20 15 308
58 34 669
22 79 735
43 14 402
16 63 68
69 57 829
57 53 611
74 14 740
21 41 75
38 37 979
10 31 339
40 4 305
10 28 270
22 72 294
98 93 682
38 2 325
59 21 629
9 70 155
10 22 640
58 46 103
1 11 932
73 57 73
96 23 302
50 59 554
93 89 780
16 10 191
17 15 912
100 36 182
94 74 452
43 10 242
9 100 384
34 27 454
59 94 999
62 84 686
51 72 123
81 65 970
31 62 77
64 79 784
29 69 698
85 96 261
53 64 791
65 17 926
28 7 611
65 61 740
40 73 660
17 80 990
90 68 157
9 26 448
54 46 165
22 60 953
64 21 146
72 38 806
79 72 702
77 92 687
65 44 399
59 75 302
26 75 357
58 21 715
85 25 973
77 64 709
16 39 329
33 9 49
33 50 50
23 10 496
68 53 914
14 6 10
93 46 520
83 79 134
72 4 232
20 41 632
37 87 812
16 72 398
96 73 620
34 74 942
68 75 565
25 46 941
40 35 394
83 42 80
78 89 776
71 24 193
91 45 805
55 100 98
95 59 92
2 21 434
32 11 168
70 32 609
36 85 58
4 62 55
9 51 773
97 67 883
54 60 789
9 3 961
14 30 743
67 48 514
89 22 430
56 68 533
78 76 796
71 3 389
2 66 45
67 87 563
35 38 521
95 86 854
24 67 534
20 63 366
19 47 947
14 45 704
15 62 762
73 12 506
68 19 83
2 91 115
66 76 562
1 46 284
84 17 372
88 64 883
99 34 810
72 75 622
43 50 261
75 18 816
35 33 540
80 84 553
68 42 80
38 88 702
96 58 714
78 82 573
54 56 349
97 4 48
18 47 704
96 97 790
9 26 624
77 1 294
24 16 329
71 50 840
69 22 111
77 63 162
36 54 279
90 25 407
52 77 680
84 26 555
39 37 744
19 23 845
46 86 423
12 51 453
16 88 276
69 82 219
3 30 444
54 74 645
43 30 93
63 24 373
92 57 329
57 22 106
23 39 326
11 18 730
7 23 840
88 25 328
8 62 391
87 17 541
81 48 939
51 45 47
80 75 170
76 83 763
54 87 183
99 85 370
67 71 45
27 50 570
88 52 94
36 83 296
11 42 915
87 75 603
86 95 965
54 78 484
42 99 848
62 4 733
13 35 30
69 62 788
79 52 750
83 84 495
82 90 606
78 28 726
95 30 627
62 31 728
42 63 679
59 52 641
60 54 718
26 9 289
63 52 811
85 44 720
100 6 938
51 38 528
64 69 607
65 9 970
93 73 838
95 35 984
83 100 866
62 32 111
22 82 876
61 82 265
55 46 939
27 83 76
81 83 905
67 97 6
82 8 755
20 43 977
18 67 351
4 69 152
22 13 345
57 36 514
60 61 976
9 4 984
56 83 599
60 78 741
93 95 465
40 17 501
24 62 500
83 8 179
66 48 689
75 64 1000
15 11 841
35 66 196
16 42 215
46 3 480
95 76 193
9 84 697
14 27 364
54 20 235
7 50 382
81 20 811
66 67 944
9 79 703
25 100 506
97 26 225
55 98 687
54 25 178
76 98 978
8 93 698
31 58 794
37 2 302
5 11 554
23 29 982
3 52 500
90 13 707
6 47 36
88 73 208
33 3 892
93 62 479
24 9 865
14 60 904
21 6 835
34 16 915
79 67 211
28 79 461
69 28 64
12 36 347
99 43 441
19 88 587
15 30 183
62 31 783
84 95 941
99 3 224
98 80 154
22 72 230
43 22 175
37 15 146
70 16 91
39 50 188
84 82 305
90 68 898
74 36 448
51 54 527
53 80 429
5 49 512
61 26 304
94 31 691
82 26 100
30 29 277
15 93 895
3 90 121
88 81 179
79 70 700
2 99 466
11 32 254
50 98 579
83 21 870
58 28 533
23 8 494
32 3 52
78 35 342
31 17 778
5 43 343
25 99 498
54 87 748
17 32 747
89 71 27
11 45 960
37 64 91
2 53 188
5 64 752
59 95 72
85 26 235
90 85 689
16 67 219
72 57 445
10 1 196
46 78 12
32 9 984
55 4 205
86 84 940
85 66 923
31 53 798
68 20 686
74 53 67
77 52 769
76 79 754
47 48 90
21 52 471
14 35 781
72 55 348
84 74 695
20 22 689
51 20 221
76 1 992
73 56 230
25 81 295
9 37 774
80 87 182
11 73 230
60 20 709
3 87 404
40 69 341
88 60 859
41 52 485
100 43 873
3 2 976
73 43 826
25 6 13
29 48 533
54 68 966
65 74 186
92 12 988
3 46 938
33 59 74
19 21 359
91 7 970
20 18 667
33 38 365
74 85 274
62 40 779
77 57 321
35 53 176
81 48 28
61 85 323
17 40 667
43 92 302
86 95 512
44 12 74
94 97 319
47 36 348
18 52 742
99 98 273
98 21 931
45 7 494
55 85 896
12 94 369
4 47 769
62 39 274
3 76 362
73 48 378
84 88 309
2 69 534
18 82 476
28 43 969
80 25 30
83 4 463
71 6 814
68 23 676
92 1 532
13 23 169
11 43 296
99 59 816
3 82 557
76 22 730
89 66 556
60 11 568
80 49 774
83 70 938
93 39 387
19 40 425
40 73 664
89 7 97
48 42 839
51 31 624
77 90 874
73 84 802
50 94 878
40 83 39
19 43 615
43 80 668
2 98 430
53 61 352
59 79 75
71 54 723
40 22 739
85 82 572
83 7 895
45 24 164
48 40 806
10 49 443
62 36 487
36 79 406
86 16 716
18 84 23
51 99 219
47 12 222
82 10 829
76 63 986
91 68 901
99 46 314
22 12 377
74 90 539
88 19 755
70 9 64
83 64 624
2 70 731
9 32 485
54 60 551
1 75 492
82 73 188
33 89 934
42 77 887
49 79 367
99 43 551
36 58 417
58 1 551
47 4 990
96 41 806
65 9 785
8 26 888
38 4 969
53 77 672
50 1 393
97 24 436
37 33 17
47 89 926
47 11 454
71 83 645
92 84 114
82 57 728
45 58 100
50 45 449
87 36 169
33 9 900
78 10 338
38 35 682
2 29 517
98 97 752
27 14 299
86 5 916
4 99 196
76 63 436
34 35 633
18 31 751
56 89 838
36 23 836
41 8 92
31 86 493
62 45 938
79 59 176
75 73 756
35 28 429
79 49 885
10 23 240
86 3 819
57 28 50
27 30 485
72 11 210
76 5 858
93 25 170
87 26 194
50 39 135
51 8 789
47 86 371
38 19 175
73 44 798
72 76 460
52 24 269
66 22 585
42 19 345
3 95 685
30 11 830
63 57 662
62 25 770
82 40 763
98 78 68
28 32 982
76 93 920
96 89 394
24 87 455
73 100 181
17 4 757
23 31 856
15 13 812
86 71 720
34 47 201
17 90 945
85 70 872
94 98 254
69 48 881
66 78 843
42 58 205
58 63 87
81 90 307
71 30 447
18 63 907
19 61 686
51 40 57
78 9 438
92 98 384
21 53 415
74 46 537
45 6 541
15 8 222
5 73 684
30 93 858
69 93 600
50 33 144
100 96 822
46 37 618
3 5 350
81 51 557
21 57 133
66 79 677
65 49 481
5 23 166
88 42 2
64 91 774
84 45 480
93 13 899
58 65 267
40 45 83
38 5 629
86 26 909
48 2 140
40 98 360
39 31 16
92 46 412
75 11 859
42 60 627
5 92 629
73 92 157
16 92 845
94 59 271
9 84 796
6 26 544
60 16 914
90 81 654
89 48 100
84 75 843
58 88 883
56 57 321
2 77 373
34 16 543
52 33 962
47 63 28
93 59 223
60 95 52
85 87 918
78 80 828
50 37 467
16 35 445
41 50 362
2 11 665
46 8 10
78 40 648
3 90 783
81 43 8
19 66 843
98 49 590
99 81 832
95 64 429
81 100 636
20 57 474
2 30 368
17 49 181
67 91 19
34 30 962
67 73 150
99 14 899
86 5 313
91 86 785
48 32 758
92 12 106
56 62 223
70 14 423
67 21 754
28 71 52
43 65 401
24 62 183
49 36 12
67 48 978
23 90 578
20 76 298
90 36 977
93 62 846
56 16 120
28 15 951
66 35 554
82 20 663
40 33 20
87 57 338
65 97 95
19 52 358
39 57 474
95 54 238
19 73 417
7 44 435
81 87 669
10 23 229
13 38 90
16 54 379
38 49 969
88 9 14
99 68 693
81 60 687
51 93 472
70 87 338
47 2 770
5 97 920
4 67 781
41 18 223
38 22 233
2 43 659
82 74 508
57 7 222
82 35 287
22 35 957
87 65 713
9 1 866
6 44 481
90 56 773
70 100 290
2 44 372
46 55 177
86 56 990
33 28 352
15 57 908
77 72 72
34 1 717
69 92 647
97 20 469
28 72 117
28 60 817
39 71 869
45 43 705
2 83 313
84 36 407
45 46 77
9 31 290
96 91 563
19 79 971
19 85 227
3 22 693
84 37 645
42 52 779
79 82 743
78 73 317
88 50 754
66 46 381
13 91 840
59 96 44
2 35 635
69 35 368
61 38 360
44 90 658
96 92 397
51 11 768
51 72 226
15 60 885
15 66 407
76 100 25
54 80 283
65 53 80
19 68 946
70 69 511
47 46 360
71 50 646
35 70 470
3 51 710
21 30 274
93 21 388
42 21 516
60 34 543
42 67 632
71 95 281
19 20 996
55 11 951
66 34 397
52 46 247
84 50 21
67 19 587
21 45 151
31 82 781
49 40 966
68 51 190
18 13 242
12 81 380
26 78 879
25 100 378
46 67 350
44 41 95
79 37 945
91 7 532
21 87 390
39 76 797
95 16 27
69 16 586
62 12 13
90 43 522
4 91 159
46 51 463
32 64 979
85 21 566
75 30 540
56 68 273
71 56 773
66 20 717
73 58 645
96 68 392
19 67 279
27 89 88
12 21 234
97 38 349
1 93 537
50 28 541
59 66 611
33 36 15
72 26 120
99 44 888
75 65 251
27 37 921
20 1 581
74 58 712
10 22 677
51 99 694
23 76 403
28 58 408
89 34 250
8 27 363
87 41 154
58 82 894
44 55 527
68 1 987
96 11 113
39 98 639
43 49 917
84 83 708
41 58 187
81 32 601
29 42 898
68 75 118
94 21 491
7 10 692
32 56 713
9 74 849
29 32 853
11 56 978
65 42 269
42 27 265
50 1 518
87 79 917
60 6 415
85 4 601
62 97 446
68 35 59
4 78 249
62 58 225
78 66 732
22 99 581
61 44 852
37 34 84
78 86 566
33 57 800
67 100 365
83 59 458
82 91 558
91 24 662
9 85 31
58 92 524
34 8 359
21 56 220
97 62 398
64 84 373
46 15 996
74 21 14
22 91 181
70 2 646
17 37 683
28 88 905
53 73 879
15 44 32
41 84 942
39 47 622
84 17 154
76 24 215
82 51 475
57 30 571
30 72 669
69 78 751
72 41 335
41 31 419
65 32 815
22 9 101
99 36 99
14 22 552
23 33 748
94 36 720
11 55 31
95 32 655
88 90 694
26 52 678
85 69 301
80 72 927
59 7 328
86 5 370
83 100 498
63 17 957
74 83 716
74 23 436
96 95 455
5 57 34
22 42 786
26 40 681
79 75 850
23 69 455
71 17 337
71 58 863
60 12 945
10 4 462
66 69 367
7 45 475
45 39 318
8 12 904
17 40 552
78 92 682
26 82 920
49 58 501
23 41 864
47 56 929
35 51 338
37 82 503
86 8 630
92 95 416
42 59 100
94 91 968
80 59 21
12 51 32
17 24 153
5 76 918
33 71 911
62 39 280
84 70 261
53 92 971
93 51 390
85 56 391
12 98 844
18 19 813
12 68 443
29 17 747
71 30 130
61 75 620
49 75 107
57 68 676
49 16 695
41 91 162
85 28 221
99 57 79
37 56 520
33 65 584
6 68 895
44 16 40
67 23 307
87 52 427
94 50 697
63 72 585
91 31 73
8 63 171
34 22 712
3 66 43
84 4 41
19 37 254
10 9 377
67 74 888
80 1 42
97 41 235
30 68 605
81 69 65
54 20 472
92 79 969
10 37 560
14 65 75
96 46 83
26 73 671
67 31 144
26 72 446
80 19 217
5 11 670
29 82 717
39 26 631
55 61 103
86 39 827
46 28 723
22 98 386
83 43 800
26 38 919
20 51 929
86 99 733
16 41 361
73 35 353
48 80 537
36 99 303
71 83 746
15 70 745
7 77 856
41 5 434
94 59 893
99 41 861
88 1 168
87 90 506
92 86 409
2 16 679
92 1 567
73 72 248
95 32 965
50 58 152
60 81 884
26 27 635
55 57 882
30 23 686
43 67 828
30 44 745
95 24 471
89 14 27
27 76 123
37 15 504
35 5 812
13 23 217
13 80 751
34 83 293
91 8 414
62 46 338
43 62 726
63 22 806
53 28 223
51 70 721
90 51 686
59 15 367
89 42 223
51 38 954
30 43 654
53 97 215
96 8 193
71 22 186
98 43 700
8 22 747
56 36 671
100 1 94
72 19 40
77 89 646
3 52 429
84 6 960
10 5 727
15 21 279
26 1 436
8 21 350
48 5 994
7 57 569
42 90 2
42 76 67
80 93 975
97 59 465
81 58 348
8 100 764
14 35 897
75 4 207
94 74 75
17 22 659
20 28 879
40 94 100
100 47 573
68 97 510
95 58 794
7 33 225
49 19 643
25 90 123
3 47 340
37 73 137
3 10 687
43 16 181
22 62 393
44 98 402
56 44 349
10 13 634
44 94 633
41 79 717
97 72 366
65 99 308
15 24 293
91 2 45
61 77 965
89 82 253
78 8 434
57 73 501
17 40 675
31 49 245
80 70 586
70 15 279
29 31 550
42 89 503
54 41 975
20 31 856
58 61 918
93 79 562
32 68 204
45 76 565
2 33 175
53 56 111
77 31 289
48 37 490
95 1 528
13 35 753
92 14 708
72 95 787
4 94 798
95 11 290
79 12 17
5 41 939
17 95 866
60 96 391
4 18 924
73 69 916
71 28 594
27 97 613
42 5 471
17 96 808
95 91 784
42 70 600
89 82 979
53 94 887
8 90 397
7 28 862
81 21 521
3 10 500
43 26 453
74 88 501
97 39 928
1 47 775
60 55 578
9 28 603
19 94 214
99 53 446
9 48 703
21 94 773
45 7 531
11 15 702
55 68 242
56 71 12
14 10 625
15 46 659
69 46 27
39 55 421
70 60 895
31 24 765
42 61 900
80 87 837
39 91 51
82 43 909
56 49 532
9 63 556
72 62 9
11 51 759
31 100 881
95 17 470
3 51 540
92 19 370
48 74 720
31 56 316
19 80 426
63 10 182
50 39 117
17 99 384
93 82 807
85 30 863
98 1 463
84 19 767
67 33 544
69 11 554
46 87 984
65 20 325
28 17 198
100 77 78
45 95 912
30 74 235
63 92 988
32 58 981
78 76 124
87 50 704
4 33 92
68 39 252
27 95 851
42 64 756
50 78 179
88 99 384
3 82 862
96 81 269
42 24 310
12 67 517
41 92 420
5 31 319
14 88 897
8 86 747
18 91 89
28 26 115
26 15 787
9 20 188
62 100 548
39 11 272
76 62 43
2 43 920
55 80 560
77 10 489
40 67 642
67 34 512
25 52 651
47 96 750
63 8 202
16 75 2
19 34 295
94 22 129
23 12 706
20 81 195
61 25 764
53 45 258
85 53 768
12 69 710
12 92 549
4 19 896
92 97 116
40 37 954
71 60 401
85 19 379
29 12 273
7 82 832
25 35 673
78 57 971
24 78 201
84 48 355
41 44 674
15 8 593
97 37 387
36 51 22
35 82 715
93 28 747
92 18 65
100 25 495
38 12 882
36 28 159
89 80 801
2 37 3
34 93 4
58 25 529
18 75 941
65 88 699
87 45 415
75 60 705
22 86 310
24 57 276
78 69 176
52 19 914
97 27 557
31 40 911
53 88 573
29 44 66
1 36 548
76 71 457
38 31 585
12 89 102
98 67 188
47 35 432
30 44 131
66 81 289
14 53 621
32 95 298
39 33 517
98 24 942
73 78 593
75 34 665
47 32 255
51 10 753
7 13 970
49 50 710
26 16 370
100 71 987
75 70 739
8 62 458
29 81 762
76 61 398
10 37 685
47 91 690
90 62 194
91 10 381
34 74 596
28 94 583
35 54 561
62 2 189
41 50 612
16 25 650
82 11 596
54 89 259
54 32 957
16 25 771
38 94 78
59 10 964
5 65 627
79 27 868
74 44 675
62 43 203
88 17 409
15 96 105
98 90 962
78 90 961
28 91 941
47 6 457
43 100 70
31 74 359
85 53 836
24 10 903
25 27 379
90 61 978
46 99 862
7 80 60
66 83 687
86 72 566
21 39 569
30 57 809
29 51 148
42 25 696
8 51 271
15 22 667
41 49 965
9 46 217
81 18 806
43 63 137
29 21 161
6 25 76
34 61 107
46 55 280
5 9 694
39 91 416
91 51 357
92 88 714
84 18 251
70 87 346
37 4 39
78 14 524
85 4 970
7 48 656
43 47 435
58 95 949
92 99 206
70 34 52
98 72 358
73 17 517
68 95 563
95 98 881
98 12 987
44 10 964
34 57 994
62 50 716
61 76 742
19 34 163
84 74 923
55 63 87
69 72 3
92 22 615
71 7 955
13 70 655
85 84 888
80 55 54
46 98 208
40 16 413
28 2 2
19 51 574
15 36 52
82 71 436
51 54 339
8 28 757
85 35 659
13 51 497
67 58 807
64 97 694
72 25 831
62 23 424
63 87 204
93 64 67
53 84 67
67 31 566
77 11 433
74 87 548
62 24 918
82 89 439
42 73 28
1 21 684
4 59 176
82 11 785
1 10 37
80 43 70
99 91 111
27 92 5
80 61 878
19 22 421
96 19 829
75 27 275
100 88 833
6 48 58
17 40 908
7 45 13
31 65 193
16 5 429
26 73 409
59 50 407
71 38 765
99 79 235
95 74 364
55 65 485
21 31 332
17 43 401
18 60 928
61 35 167
45 44 738
18 11 248
93 75 982
100 72 959
51 68 855
19 45 889
40 2 315
97 100 687
5 29 704
56 67 861
19 93 556
64 12 450
47 90 249
54 31 883
25 45 679
8 66 31
6 77 721
68 14 666
54 85 301
79 11 671
30 17 673
76 99 908
24 90 926
81 79 574
91 16 444
70 81 461
42 70 604
83 27 785
57 82 822
22 83 256
75 76 664
82 45 233
81 72 305
100 97 103
50 66 360
80 4 696
53 85 290
6 15 499
94 59 765
30 16 542
71 36 664
41 43 719
81 51 488
98 62 246
90 11 904
21 63 781
59 97 319
26 36 327
84 32 472
93 77 586
60 41 125
26 25 434
24 93 540
36 41 368
92 2 704
28 47 365
58 19 725
20 63 356
17 92 130
55 95 349
49 28 535
28 32 592
51 72 397
37 51 420
33 52 330
1 23 290
76 22 542
79 46 452
60 55 945
30 11 682
83 2 579
38 9 507
31 25 994
73 97 661
56 53 763
41 74 553
82 85 910
3 98 993
92 61 708
15 6 419
33 60 312
88 70 250
50 39 229
58 99 293
44 14 187
63 3 291
67 20 983
17 19 917
17 93 866
29 56 265
36 4 906
74 15 689
3 55 370
70 95 869
32 88 97
77 34 969
58 65 924
4 18 862
81 31 639
41 49 41
64 43 84
32 55 980
54 88 691
27 31 197
42 98 637
42 5 409
40 6 906
30 93 602
30 49 303
43 33 623
78 62 580
24 90 981
27 98 981
31 42 88
100 94 907
89 21 799
9 80 287
69 41 534
37 6 477
5 46 308
73 77 169
39 42 286
19 36 211
71 87 270
54 18 544
11 35 434
9 29 362
40 3 998
4 14 180
23 75 982
86 96 604
58 66 734
21 61 763
10 35 36
42 27 423
83 27 974
93 54 428
13 63 590
82 37 827
53 4 598
92 100 284
21 79 709
7 34 52
53 63 949
96 15 928
80 34 764
77 86 838
99 2 28
37 46 949
39 58 593
11 42 571
96 88 423
12 31 301
85 95 15
79 91 802
86 46 207
44 6 405
65 41 740
43 98 54
1 76 622
71 79 297
53 60 139
23 41 872
6 67 302
77 63 315
8 67 969
34 20 564
59 82 994
85 61 380
58 48 568
94 75 93
83 80 338
11 14 872
11 31 287
5 52 411
80 56 778
94 85 407
4 42 372
60 5 266
98 49 455
75 23 521
89 94 969
74 96 975
97 42 38
86 44 537
79 12 131
95 35 532
19 82 773
100 57 838
64 12 681
73 41 702
94 3 472
20 51 911
74 53 352
1 56 467
100 68 330
84 36 109
64 45 750
68 31 985
91 67 492
26 38 564
62 24 491
98 23 536
18 61 205
45 33 190
18 10 425
25 1 880
97 73 690
58 39 13
56 48 984
49 8 717
94 50 947
48 96 513
4 62 168
3 77 681
6 86 381
75 68 374
79 58 438
8 58 949
25 92 72
96 93 287
65 28 355
79 59 30
62 56 429
6 34 985
36 95 835
57 15 608
49 68 946
9 76 892
15 69 528
3 35 404
10 47 572
62 43 207
79 66 985
31 50 114
65 70 715
28 62 244
26 8 509
99 35 273
23 6 933
99 100 402
36 82 586
75 59 809
50 55 54
96 78 419
34 17 55
64 82 432
27 96 827
30 61 168
49 19 959
92 73 949
43 12 82
47 73 757
73 74 571
10 26 876
43 52 420
93 20 982
88 92 132
68 32 902
35 99 539
60 46 29
4 24 265
88 23 419
97 5 211
99 96 767
97 69 906
94 37 929
23 93 783
52 30 573
25 53 331
82 66 336
28 100 323
86 69 662
97 70 168
93 32 645
81 37 513
50 32 298
19 98 849
11 63 320
8 10 866
57 54 925
65 35 171
63 67 533
78 57 467
67 93 25
83 48 965
81 44 529
79 40 503
31 91 625
6 62 631
37 21 989
65 4 834
11 50 973
19 28 739
22 56 681
74 37 947
38 93 609
23 51 812
64 85 688
43 11 219
72 44 175
45 71 900
14 86 668
3 76 110
97 82 662
64 26 229
38 65 897
32 91 722
81 79 886
71 79 286
39 49 812
16 56 530
12 93 363
20 67 424
25 49 76
37 11 785
16 21 953
87 36 454
72 75 669
34 81 913
45 43 262
85 55 968
70 77 78
47 93 296
27 39 348
50 48 106
29 70 99
32 39 895
51 8 711
48 65 547
51 57 78
64 38 602
49 29 160
16 8 731
16 88 431
98 97 111
18 84 0
91 97 411
87 46 862
79 48 716
63 85 538
87 16 875
59 99 653
54 47 589
81 94 752
4 97 956
27 98 796
29 80 103
57 65 459
100 19 548
97 19 995
46 78 70
73 64 917
22 94 665
81 18 60
29 28 357
93 100 871
33 25 522
99 47 125
48 92 676
97 49 995
87 66 830
51 67 499
15 20 383
25 44 579
3 24 514
35 5 204
19 80 863
27 99 630
90 60 114
51 14 757
89 80 123
74 51 550
23 89 35
78 42 900
6 33 106
54 74 129
4 54 575
39 99 446
69 29 779
27 62 51
32 94 402
66 12 666
58 3 627
96 44 518
100 50 237
51 35 11
65 83 148
6 71 640
47 49 820
79 97 445
19 66 281
80 53 53
48 72 134
88 14 225
42 82 429
69 53 304
95 27 739
57 68 365
51 59 876
19 91 580
61 12 374
93 73 309
53 40 217
39 12 961
86 98 696
77 16 31
2 98 354
62 1 40
36 23 129
22 100 172
38 78 503
46 19 350
6 12 544
19 53 72
56 44 546
50 2 287
21 72 981
34 90 922
87 10 361
74 70 629
57 12 567
30 98 708
1 52 577
20 66 216
44 22 28
3 52 426
32 63 394
98 21 655
14 96 194
79 26 594
98 62 171
79 98 204
92 29 382
37 80 161
45 63 234
98 44 531
22 93 387
42 89 942
2 25 602
9 28 653
27 65 808
58 15 945
71 27 782
94 6 547
4 18 1000
48 17 799
44 49 753
79 11 33
25 69 290
3 20 985
97 88 237
55 51 204
21 78 61
40 10 224
91 21 860
66 9 423
43 4 289
78 66 652
51 38 630
96 100 919
42 22 312
41 90 422
63 85 393
80 71 943
57 1 124
66 76 490
78 70 141
38 37 278
5 32 218
44 69 987
33 21 137
47 97 929
81 30 622
13 64 270
95 25 869
82 51 971
7 68 929
4 84 10
100 67 595
77 73 620
70 77 80
47 38 591
66 49 979
35 51 579
82 47 569
94 17 385
38 57 620
86 35 35
74 11 922
54 52 693
84 52 886
10 69 522
39 54 208
98 47 642
10 79 836
48 52 98
20 27 572
14 52 122
75 48 703
9 77 99
8 40 910
8 39 456
91 12 732
72 98 213
89 57 394
25 81 113
90 27 599
29 24 65
16 45 52
24 93 291
14 97 780
92 48 571
52 22 752
49 51 526
69 73 811
73 29 709
9 68 642
23 31 96
7 37 921
6 83 747
20 59 752
10 41 920
33 2 718
88 31 676
31 9 212
60 58 472
6 50 691
82 30 954
17 58 768
2 56 858
5 86 681
4 56 771
69 21 489
55 27 588
81 69 669
24 77 723
54 50 955
40 57 488
61 74 194
3 85 229
75 9 161
66 85 607
1 8 281
76 41 117
86 26 967
42 41 514
22 27 292
6 27 289
82 63 218
29 77 839
66 80 384
12 64 779
48 44 316
70 30 962
49 52 430
35 45 65
66 9 625
79 28 939
88 47 996
60 74 38
43 9 17
84 48 418
64 93 487
18 79 881
5 82 349
47 55 74
2 37 174
15 92 734
34 65 342
75 26 878
65 18 626
49 71 456
64 37 262
24 31 44
63 75 523
33 96 217
22 26 201
22 6 717
94 18 799
6 53 826
7 10 480
78 77 696
82 83 681
61 93 812
6 51 487
82 88 530
55 48 205
79 57 606
62 80 469
75 18 357
84 82 917
45 64 754
27 83 851
94 16 995
38 3 815
53 84 867
9 69 572
94 53 998
68 46 386
18 69 943
87 68 438
36 70 582
70 96 645
8 57 164
87 65 140
10 53 191
98 69 711
89 15 51
100 17 693
13 7 72
53 19 778
38 13 82
57 32 473
28 45 633
48 12 457
15 22 112
94 72 351
98 83 767
75 8 446
39 22 808
63 81 448
35 41 978
5 45 25
51 18 761
39 69 745
70 45 23
67 42 161
79 63 733
72 55 597
80 26 529
46 59 490
72 30 244
76 44 349
69 28 705
58 78 161
87 8 383
72 80 775
96 6 175
83 56 863
49 30 484
74 65 87
92 66 871
2 89 349
70 91 152
7 94 947
95 1 514
45 77 897
65 34 33
9 100 382
37 74 320
90 50 273
35 97 576
26 63 884
31 37 476
50 48 110
67 74 634
73 59 322
55 88 878
75 21 468
81 38 727
55 17 180
67 85 5
48 60 621
77 82 455
24 64 505
26 23 7
82 81 690
39 10 783
83 87 589
32 37 48
14 11 581
68 3 795
69 46 576
62 14 170
53 96 690
64 100 908
70 100 348
35 87 601
89 82 857
33 19 819
81 16 284
88 38 89
15 5 510
44 95 684
6 100 151
59 5 712
55 56 97
64 66 105
78 18 305
53 25 234
53 49 591
43 78 319
81 68 945
7 53 221
22 67 778
51 13 388
3 21 220
61 45 179
10 28 81
4 48 118
69 18 998
65 16 903
44 37 813
80 5 525
57 74 13
48 81 359
11 67 339
80 66 922
68 94 242
2 50 557
84 5 347
58 99 46
32 87 487
69 33 730
5 64 493
32 86 299
34 39 854
15 64 419
62 33 801
53 56 152
41 99 312
59 95 752
87 83 854
61 72 537
14 59 48
39 29 488
46 40 400
82 10 852
38 12 813
48 78 195
27 96 941
35 62 529
5 97 912
86 51 625
83 84 104
72 21 505
76 44 659
65 63 802
81 84 605
81 10 161
50 61 750
29 84 857
20 47 194
4 86 89
64 24 618
9 62 279
73 45 226
45 18 627
64 28 215
67 57 240
48 73 214
3 34 669
20 69 747
23 20 419
97 35 96
15 55 157
18 68 185
2 49 657
11 89 837
20 92 973
20 52 527
36 15 160
33 83 643
69 73 868
87 48 202
26 49 720
61 64 476
91 23 668
67 61 200
45 31 821
81 20 178
31 79 392
58 99 88
20 65 358
17 61 709
74 81 902
41 84 369
2 41 671
60 6 339
70 29 81
89 71 870
64 50 471
46 100 493
83 58 790
49 34 255
39 50 360
39 58 709
50 31 563
33 81 300
6 56 512
15 41 756
89 16 8
49 84 197
36 27 883
69 82 125
4 90 654
70 27 893
86 21 680
42 36 493
73 85 485
39 99 760
98 78 91
58 98 91
60 77 474
84 31 939
89 36 902
21 39 742
36 46 320
58 34 456
65 29 226
33 58 679
1 46 808
60 73 890
18 62 705
6 43 303
95 8 653
42 13 872
77 97 176
59 53 247
51 48 92
48 24 498
34 32 114
91 18 245
27 37 671
22 25 945
86 41 476
29 81 977
9 58 992
97 14 334
43 67 334
73 54 464
8 7 629
13 37 116
93 8 470
9 92 468
97 21 350
38 82 993
85 58 695
67 87 429
79 73 741
15 99 389
64 2 472
80 56 223
59 31 743
99 45 327
59 75 786
6 35 37
28 73 873
40 67 817
21 90 359
69 47 654
40 93 173
18 96 971
51 25 871
8 76 947
16 95 132
84 4 878
69 54 670
73 53 201
58 48 497
69 34 957
61 18 670
87 19 979
54 65 557
31 18 49
56 95 757
40 89 296
19 11 580
13 12 957
22 94 458
29 1 956
99 35 389
64 41 426
80 44 589
48 25 186
82 34 43
2 61 172
74 75 845
71 64 52
71 14 460
16 97 191
13 84 321
79 98 63
39 27 538
15 72 487
81 91 381
17 68 217
97 39 608
95 14 523
18 77 287
68 35 656
70 83 51
76 26 95
65 34 574
64 77 604
49 37 812
90 63 110
81 79 505
34 69 172
32 86 677
6 97 836
46 62 645
51 46 609
94 9 165
44 76 499
60 73 32
62 49 76
92 51 780
17 93 300
97 21 284
20 88 331
50 3 127
54 40 179
38 1 773
72 95 388
24 68 522
21 48 175
42 1 125
66 36 842
35 24 507
48 34 587
99 78 559
10 23 23
3 50 749
18 65 774
59 48 334
17 51 666
23 46 813
17 13 145
5 77 735
3 69 102
7 6 216
33 44 666
5 16 496
12 38 301
77 25 596
34 71 99
42 11 425
10 71 871
46 66 618
79 73 112
87 81 865
66 68 83
42 91 44
59 33 160
32 5 367
27 52 834
60 9 773
98 94 734
80 55 308
50 20 39
54 78 968
90 81 866
82 13 685
19 97 126
5 64 792
31 69 540
65 16 397
9 69 484
91 56 634
87 60 1
48 98 840
27 13 182
93 99 507
52 85 317
81 87 731
34 83 822
19 26 488
11 1 647
19 77 719
30 6 645
19 92 24
84 30 544
16 21 385
39 9 966
91 72 591
24 22 283
41 19 335
40 18 258
34 82 691
24 66 447
25 73 632
4 91 624
48 4 908
21 31 815
74 29 527
42 86 813
38 78 1
14 50 553
23 60 790
15 33 963
59 35 824
35 79 498
28 69 110
49 60 581
22 25 142
57 92 583
61 46 112
89 64 645
41 12 587
80 55 229
97 38 827
94 50 368
61 19 251
87 65 562
5 71 379
14 21 336
35 73 817
26 48 686
16 48 877
68 74 8
46 5 434
34 67 799
28 86 827
69 38 139
95 80 745
24 85 139
100 75 396
84 38 770
51 4 9
13 29 266
5 50 804
60 52 659
7 53 722
63 12 231
27 74 782
94 57 518
23 57 63
87 11 931
92 43 528
32 94 786
75 2 406
63 100 694
40 96 785
82 50 2
47 70 432
97 14 967
12 27 435
38 70 475
33 56 676
44 64 370
88 8 902
40 95 681
92 85 538
13 84 686
87 66 880
11 17 430
30 65 768
65 13 409
95 15 295
88 73 371
58 3 664
94 2 127
21 70 983
54 44 825
25 79 744
37 22 457
34 69 187
21 64 939
78 47 247
53 78 304
52 14 171
11 48 924
38 80 896
13 49 304
73 22 178
63 14 737
18 80 670
33 90 892
29 37 832
64 24 180
35 30 152
72 37 169
36 86 286
85 94 651
75 22 966
61 10 486
47 89 161
40 2 987
24 92 234
80 7 751
78 77 260
8 29 434
10 40 621
88 53 58
69 10 132
96 56 820
76 27 940
54 59 570
64 16 948
59 81 876
47 25 647
80 69 703
57 27 619
8 48 955
55 68 663
42 38 277
12 31 892
25 93 321
57 96 840
87 79 511
4 36 435
91 67 236
95 92 234
17 87 324
88 15 85
43 94 940
82 51 282
13 40 163
12 93 844
84 37 549
77 61 631
70 54 454
51 23 669
69 15 438
13 63 268
82 92 175
34 9 996
65 72 923
62 14 284
54 8 456
81 84 906
76 21 976
4 5 546
62 29 592
88 46 431
88 64 714
3 4 556
70 13 988
26 72 548
52 88 162
100 83 193
73 71 809
68 37 385
54 55 652
66 34 59
50 52 184
61 100 216
100 92 97
94 89 632
88 6 372
28 73 514
16 69 791
5 82 544
100 89 738
28 59 737
91 11 717
64 57 291
55 49 100
27 22 915
51 45 575
100 24 97
6 96 509
80 66 97
30 96 364
18 42 554
84 48 158
26 44 677
46 36 675
22 64 341
34 95 779
8 70 527
17 12 889
8 95 291
49 59 78
37 15 727
20 49 772
58 83 458
84 72 464
8 85 892
90 31 163
80 8 778
10 39 50
52 41 705
6 75 705
46 24 691
26 36 812
50 47 579
51 80 6
55 15 10
39 55 897
81 36 971
48 60 790
11 23 601
27 49 835
40 59 784
13 93 229
16 29 757
32 78 209
22 68 241
4 8 5
71 77 152
43 55 95
6 42 427
48 55 734
59 99 490
16 34 829
62 99 425
47 49 313
26 78 708
10 47 248
62 96 902
22 67 321
82 98 614
56 69 362
79 80 297
79 83 860
43 80 563
20 98 405
27 60 646
81 82 398
50 67 749
26 55 31
4 9 753
6 45 647
34 37 77
37 88 25
52 88 262
46 51 125
22 67 85
33 36 149
58 77 275
10 68 654
45 47 735
2 72 455
61 97 336
38 61 113
70 80 223
35 70 810
35 45 36
67 86 641
65 87 680
65 93 184
6 96 713
12 16 819
31 87 558
38 90 176
11 29 15
88 89 818
46 100 605
46 60 532
9 90 638
60 73 875
46 81 692
72 86 604
9 62 127
8 50 119
12 30 720
37 57 997
8 58 544
46 58 889
1 7 111
75 87 784
14 47 120
80 92 539
83 90 991
53 54 548
5 42 840
17 84 841
51 61 46
22 79 918
14 21 958
69 94 721
83 85 366
61 81 103
25 68 944
25 72 295
10 67 696
3 42 363
20 72 622
3 25 411
27 46 10
39 49 961
27 68 315
65 68 479
81 85 284
43 65 389
38 100 337
7 12 263
27 55 299
6 78 367
49 90 334
4 14 35
2 63 148
26 41 304
22 81 673
32 61 997
74 99 37
20 68 142
65 95 966
7 10 412
30 33 888
14 46 809
32 71 470
68 82 362
7 55 618
88 89 413
64 92 980
50 60 816
11 34 756
33 63 710
23 79 672
34 49 762
9 99 635
55 100 443
7 50 57
29 38 870
21 68 138
32 66 391
20 68 425
82 84 730
18 93 328
33 83 279
69 84 977
29 47 116
69 90 209
44 58 223
48 89 502
14 97 384
4 87 73
41 54 497
37 89 700
85 92 233
39 71 300
58 90 293
4 15 313
34 47 892
36 79 637
16 90 966
71 79 939
20 24 256
1 56 184
7 11 275
48 80 718
27 81 786
56 96 707
47 76 264
6 83 913
72 74 300
29 70 556
61 79 30
56 72 517
10 100 907
46 79 310
25 62 517
59 82 233
8 51 767
16 63 84
28 31 809
20 53 923
67 84 603
55 65 542
51 60 467
43 66 64
12 21 454
62 84 995
1 96 94
64 70 917
17 70 131
70 96 495
32 76 708
3 20 753
2 3 314
35 73 273
6 91 526
54 59 122
69 79 518
68 97 655
23 80 995
56 74 318
22 79 801
23 28 576
45 80 461
36 64 586
12 13 891
25 56 743
27 31 341
15 87 727
5 83 403
10 32 201
27 61 165
1 56 481
8 37 633
70 77 75
55 88 295
95 97 882
87 100 929
12 16 496
22 68 962
1 62 304
10 60 622
45 72 825
19 59 197
3 63 906
29 97 672
3 24 78
14 46 799
17 63 203
42 63 734
50 75 621
34 52 577
63 95 462
38 64 645
80 82 822
18 27 181
60 98 633
36 39 989
62 79 194
5 78 354
15 68 743
83 98 770
53 97 434
44 82 949
34 51 29
11 32 675
98 100 257
59 63 452
49 61 693
54 68 422
15 52 710
55 85 789
75 89 943
17 65 294
32 52 995
7 67 749
34 89 177
47 96 538
9 42 340
45 100 434
23 44 680
6 7 884
51 66 544
14 52 799
77 90 272
11 54 943
12 15 877
48 81 81
60 74 225
41 93 572
10 92 164
27 87 862
30 36 689
58 67 512
3 71 542
41 94 644
60 100 73
44 75 930
35 97 731
20 61 359
41 53 548
30 56 118
19 87 373
51 94 663
34 91 283
66 90 869
26 46 395
5 99 15
41 71 852
12 53 552
52 59 513
20 43 847
6 35 911
20 71 601
13 69 80
36 61 532
7 9 828
46 90 302
20 51 769
54 98 863
5 32 928
62 65 300
51 92 366
37 48 595
90 96 653
60 97 76
35 66 443
37 56 105
44 62 260
16 29 373
81 95 714
24 30 388
42 68 645
2 88 585
40 81 408
25 53 191
