125 7750 212 84 60
47 84 369
77 120 219
18 124 366
62 107 301
116 9 595
89 23 446
27 56 70
9 113 745
87 70 237
83 96 699
44 117 262
55 106 555
120 50 537
26 106 187
69 86 36
100 66 833
54 73 118
46 110 10
15 74 550
42 117 880
79 16 132
1 75 534
108 106 306
81 97 297
122 47 997
102 69 526
96 115 905
87 57 15
20 104 158
24 102 53
76 115 908
62 63 244
64 48 405
116 5 314
12 110 340
21 69 117
18 22 718
69 125 125
50 111 832
69 61 635
50 23 719
53 51 698
61 30 979
37 49 3
84 95 167
9 103 541
30 8 370
40 74 879
34 73 954
86 54 837
62 13 76
11 56 908
25 83 693
86 9 313
60 34 407
92 18 970
32 86 347
45 26 833
22 75 33
12 56 174
35 60 410
62 39 371
18 11 922
87 4 609
37 8 658
105 80 873
28 55 366
34 103 550
21 96 475
66 120 614
59 40 985
21 48 663
64 8 187
3 29 10
85 68 263
67 28 392
61 79 601
31 114 984
91 36 158
91 19 514
90 48 572
116 37 349
58 81 36
11 64 344
1 52 616
102 56 616
40 65 762
114 28 801
33 1 138
111 80 293
100 121 195
22 106 648
104 22 652
30 108 684
116 19 830
5 76 96
25 38 387
59 113 924
23 33 544
85 37 374
38 33 115
32 88 382
34 23 920
55 79 881
50 103 283
14 87 184
5 20 56
88 113 595
47 89 768
72 107 956
78 29 446
113 12 21
44 87 963
85 118 339
96 1 552
58 41 771
34 92 767
79 52 433
11 65 262
24 9 25
96 56 380
116 80 422
26 83 416
90 22 747
100 121 450
123 15 77
114 38 926
88 32 390
12 122 513
108 75 903
78 74 875
35 54 432
31 42 144
42 67 417
76 103 616
31 48 861
13 125 114
66 120 185
20 87 690
119 73 649
84 117 385
16 3 439
13 46 464
113 14 164
68 121 98
87 27 433
95 124 150
71 93 491
52 13 528
111 98 780
28 47 584
72 117 586
60 103 175
78 44 945
48 113 158
37 117 643
64 45 175
77 60 599
73 9 296
14 66 622
77 101 408
40 48 918
62 55 542
19 56 976
116 2 47
85 1 130
9 70 311
47 28 87
109 59 918
56 73 870
19 63 871
14 58 623
1 58 611
21 106 417
113 73 986
115 10 204
100 69 515
57 68 580
91 1 273
55 10 874
96 101 233
94 85 437
55 2 232
64 13 465
24 122 692
78 42 94
6 80 809
5 57 448
50 63 428
72 111 646
33 114 767
74 101 625
98 88 857
125 110 576
52 60 828
82 38 680
93 49 732
71 58 230
90 106 605
14 56 684
42 123 257
124 50 127
18 81 682
67 44 283
83 36 580
109 34 177
54 61 794
4 101 766
70 87 446
43 114 589
82 62 377
124 2 995
59 64 858
105 69 607
26 64 876
3 111 605
24 15 205
59 116 230
104 62 227
45 69 961
75 70 531
68 1 651
108 119 702
13 88 32
41 92 630
27 123 786
96 20 765
88 73 120
94 111 866
108 29 893
118 64 696
2 118 15
27 119 34
5 46 285
57 9 268
7 94 205
117 65 425
5 95 177
19 38 786
53 67 682
6 15 531
113 79 251
117 110 841
1 65 185
123 90 599
125 14 719
60 18 89
118 8 400
100 107 836
5 69 16
49 3 911
28 39 48
60 88 683
68 6 45
31 52 621
56 62 144
85 56 697
82 103 340
65 7 110
61 104 917
114 4 57
121 28 460
106 31 406
43 16 393
66 20 73
90 21 469
13 88 516
102 41 365
17 97 11
74 51 833
51 86 98
112 12 270
66 57 76
25 106 171
25 61 923
117 38 52
16 72 220
70 12 769
9 22 699
6 48 145
19 112 209
102 63 955
3 42 221
115 18 258
104 18 388
13 80 668
93 77 523
23 71 341
44 71 632
120 106 918
83 94 92
52 17 823
32 96 7
113 96 796
110 4 250
14 15 79
36 38 236
98 83 67
18 35 487
17 101 897
89 90 60
54 125 242
125 61 941
67 105 628
124 96 874
12 25 890
117 40 111
122 109 671
117 17 356
64 100 179
71 122 738
52 91 637
50 71 896
59 104 851
20 104 415
24 17 172
44 52 632
5 66 94
120 82 574
33 38 598
88 31 862
94 90 499
85 117 760
51 91 468
36 40 524
111 75 204
109 113 404
114 94 326
23 15 809
16 61 582
20 45 77
32 53 185
2 83 100
116 82 646
6 65 340
14 65 973
91 97 170
66 49 39
114 86 623
68 98 252
19 108 924
112 53 125
58 116 813
116 28 531
10 83 298
82 12 840
87 1 289
120 89 711
108 55 62
101 105 133
30 109 120
118 69 974
124 97 11
45 102 146
37 19 623
80 94 363
63 10 473
121 31 716
2 33 521
104 40 644
120 20 180
97 6 492
85 104 551
120 101 290
106 49 677
82 28 797
53 120 105
115 26 471
86 49 174
38 29 762
35 80 703
77 29 912
66 22 979
37 59 264
63 38 814
58 117 583
1 70 126
14 32 600
51 100 893
123 114 230
9 17 47
118 87 748
48 101 339
23 101 959
75 42 887
4 102 217
125 33 908
33 90 467
115 58 517
85 52 108
111 17 723
73 98 502
42 108 70
17 51 472
51 74 732
103 37 190
13 38 979
88 77 135
114 58 348
56 74 209
22 51 380
61 56 931
107 116 424
124 112 776
70 110 228
21 79 862
10 92 844
71 30 841
111 25 183
5 7 374
83 25 192
23 4 221
9 39 169
23 46 861
12 99 854
73 36 280
35 47 552
40 120 638
77 14 778
12 24 451
57 72 984
115 77 893
5 87 195
48 96 974
53 70 889
74 101 493
100 92 343
115 56 726
3 88 284
1 46 374
42 13 546
121 109 988
13 80 26
40 103 297
93 27 60
12 21 8
54 114 552
10 49 342
99 113 146
117 71 418
82 5 263
13 55 383
111 91 82
29 122 73
87 113 609
48 77 708
58 36 374
65 21 439
113 21 690
109 87 56
92 12 579
106 16 34
107 96 148
58 76 446
29 68 712
99 35 384
60 83 891
22 56 871
91 42 289
92 116 757
43 112 653
91 121 582
9 8 27
22 19 171
72 57 304
28 124 536
94 71 554
88 61 772
68 15 723
78 99 91
59 61 175
31 71 297
2 15 815
78 103 964
30 72 293
9 67 499
70 114 551
40 39 308
7 18 879
5 59 738
14 70 705
23 122 185
10 77 925
28 76 616
3 45 24
57 7 561
45 59 275
7 59 358
91 48 53
34 100 177
99 120 296
124 86 294
22 25 874
78 99 333
116 41 245
104 3 709
6 5 892
97 67 678
87 80 808
14 21 8
112 68 299
124 112 589
98 40 814
60 100 682
107 29 699
49 7 268
50 86 938
84 99 331
9 55 744
117 113 215
24 56 49
51 23 970
80 55 974
75 91 430
64 40 922
26 71 355
39 58 451
116 38 603
26 6 899
125 120 221
124 64 265
125 73 146
100 25 102
55 13 610
123 46 773
125 122 267
46 77 897
13 123 475
75 88 24
66 63 647
55 31 627
50 86 133
72 24 745
13 37 408
57 92 523
73 41 184
42 41 313
101 120 175
17 47 542
85 77 61
46 104 892
67 93 499
71 85 845
48 3 986
2 108 614
107 37 549
70 96 68
88 54 340
40 83 703
97 34 59
39 58 585
66 118 596
14 3 515
36 79 10
58 96 847
94 119 142
101 40 946
61 74 127
20 90 361
72 114 880
91 110 502
99 62 155
46 72 162
8 26 129
30 46 750
121 52 401
13 52 140
110 83 437
102 12 443
59 69 630
115 111 959
40 19 287
117 33 73
4 52 948
49 4 430
1 122 437
96 12 110
84 93 754
57 66 604
28 27 308
97 55 360
91 94 800
108 107 278
76 28 646
98 21 335
88 25 2
35 8 116
26 14 52
83 2 639
58 45 225
100 35 119
25 106 778
47 83 887
123 37 282
85 84 211
109 124 945
108 10 695
67 48 459
105 87 75
28 110 548
98 61 794
66 49 980
74 44 161
64 9 133
93 66 446
105 115 258
110 10 931
46 97 676
59 123 182
93 8 212
12 62 211
39 43 838
110 108 456
6 34 480
27 29 427
87 110 584
51 121 187
74 56 750
47 89 651
89 43 97
72 7 901
41 24 445
80 26 315
95 88 764
117 114 667
113 99 775
6 121 75
97 38 675
54 11 454
118 55 906
114 21 334
65 125 927
100 120 68
114 75 341
12 51 853
25 44 448
71 52 239
118 37 219
44 21 842
10 72 16
96 111 199
106 62 702
95 7 933
111 70 467
95 60 530
80 87 567
49 105 750
119 37 717
76 24 499
125 40 805
41 42 182
101 58 278
68 9 787
85 53 456
4 66 683
55 43 800
4 19 571
27 56 142
36 6 328
60 74 697
5 106 463
54 65 70
93 103 475
119 11 556
61 89 63
14 107 651
3 113 37
77 81 420
125 107 872
28 88 734
88 21 97
1 55 368
110 47 822
72 97 2
55 111 274
95 73 603
66 86 726
87 57 316
25 87 107
74 117 355
81 105 166
90 76 475
45 124 404
19 100 111
80 42 406
116 85 867
45 80 68
40 80 460
18 81 431
95 104 37
94 45 248
82 57 829
13 33 771
10 115 25
83 3 152
67 119 620
93 69 288
17 28 826
74 41 77
79 13 148
72 87 51
8 46 836
100 4 619
67 124 146
24 3 883
96 85 293
97 125 538
83 14 920
18 47 675
84 53 996
103 25 558
94 123 733
63 117 788
68 69 9
27 87 878
11 74 812
90 55 779
110 12 669
3 111 475
27 21 524
85 53 832
94 17 428
74 84 275
70 48 738
69 51 719
15 47 414
116 32 172
26 29 910
96 44 992
76 60 360
91 89 861
73 40 13
59 89 384
104 73 636
21 113 558
94 77 859
93 35 838
1 31 387
76 123 830
9 44 662
80 58 605
33 122 487
102 23 269
26 84 179
30 40 572
78 59 923
55 94 188
55 66 355
35 24 357
108 120 221
123 90 240
101 84 23
13 10 224
85 115 87
125 27 824
49 71 565
8 16 367
40 109 490
44 3 907
52 39 614
95 41 185
81 22 749
87 44 177
57 70 740
29 7 693
81 12 741
23 86 772
26 123 534
102 79 527
99 4 473
42 49 409
23 15 74
14 54 187
101 94 687
3 96 728
20 2 692
97 112 278
100 69 198
43 11 306
48 12 324
5 1 933
11 54 428
14 62 721
11 95 200
124 95 129
10 91 434
64 43 320
21 71 35
84 42 28
40 72 32
25 85 103
17 71 215
1 81 584
33 22 511
60 93 617
5 101 992
14 40 531
19 63 796
31 66 789
84 29 624
96 49 786
19 67 686
57 27 238
56 33 844
39 9 453
56 77 621
108 28 779
86 77 814
54 65 246
80 38 635
46 112 597
13 119 772
60 44 472
77 106 653
14 28 39
7 111 108
44 62 924
113 66 800
27 71 976
46 125 14
16 71 753
40 36 472
107 94 146
120 111 98
17 123 539
89 54 515
36 64 522
61 93 250
24 19 761
21 68 773
90 2 207
40 95 5
74 33 308
18 27 371
111 27 262
35 57 105
13 114 899
15 1 525
28 109 861
16 68 576
38 123 951
83 18 451
45 91 295
30 110 737
67 64 860
62 76 781
96 88 996
86 58 669
77 57 895
49 60 886
89 93 483
51 100 400
49 34 604
32 110 646
112 88 403
18 31 89
94 42 18
9 78 961
50 109 603
98 94 960
101 59 301
19 61 574
13 103 494
27 21 700
87 116 38
94 92 549
82 125 213
102 66 839
96 38 249
41 94 372
49 117 494
83 86 339
19 16 50
125 81 348
54 83 262
8 83 89
93 4 496
20 46 949
56 18 538
73 11 656
98 74 321
99 3 879
24 106 611
16 7 592
59 56 238
53 18 314
111 116 451
116 81 775
70 74 162
101 120 903
62 75 168
4 27 731
82 25 224
80 59 373
79 115 590
64 27 677
96 7 131
80 36 655
73 68 493
37 98 920
89 34 94
114 20 515
92 69 607
72 73 439
123 2 424
125 52 949
64 45 34
97 9 915
24 36 565
76 80 504
8 25 632
6 21 785
31 86 207
65 91 500
114 49 290
36 30 445
91 92 543
121 73 141
83 3 717
64 117 31
63 87 121
99 96 359
48 81 105
102 26 998
8 111 564
91 93 889
69 86 218
85 83 859
44 74 747
79 108 132
81 41 399
119 18 598
107 23 429
114 68 774
65 3 629
46 3 251
116 42 257
81 14 710
91 35 22
94 67 585
79 18 131
32 14 923
86 95 428
58 113 77
76 71 818
66 42 766
70 20 423
58 70 380
92 63 266
3 91 923
39 100 932
72 86 340
57 106 828
25 11 528
123 9 22
57 64 602
67 72 389
74 19 199
66 65 790
21 1 20
107 20 144
52 107 812
109 50 165
103 67 665
105 7 527
61 32 941
3 63 689
68 94 701
122 44 76
67 62 88
31 103 752
87 39 506
76 74 284
85 64 835
37 32 366
56 115 55
37 62 16
100 61 108
64 74 185
30 37 142
82 4 796
112 85 160
24 79 62
47 118 107
17 33 17
100 103 226
37 72 825
53 83 256
14 25 280
80 119 466
17 91 372
79 81 1
52 88 896
91 17 758
94 114 484
46 16 273
60 54 544
66 100 329
50 44 276
113 58 818
95 72 342
7 85 523
118 33 437
72 45 190
21 12 141
14 86 44
45 18 615
122 86 328
72 36 306
86 12 109
62 120 868
104 14 300
102 60 274
118 71 850
18 48 861
54 53 801
103 45 528
25 59 507
43 41 201
28 124 782
87 125 168
57 124 103
2 116 470
41 7 40
14 124 541
98 11 454
95 115 402
122 48 278
112 23 439
83 65 297
8 57 262
21 69 99
69 109 163
64 49 733
2 62 355
113 94 609
12 2 496
55 115 491
62 82 360
24 1 518
93 48 849
46 11 413
13 17 858
96 63 215
2 49 537
22 90 310
17 86 633
92 61 262
2 34 414
56 40 728
22 74 716
25 23 459
31 1 726
3 71 794
57 21 45
19 78 433
110 74 181
34 36 236
76 44 326
4 112 38
79 4 251
72 102 511
62 51 471
30 81 722
35 4 83
75 97 77
71 51 959
1 69 323
93 37 70
93 14 581
33 91 360
14 60 259
28 48 116
46 9 888
2 15 269
52 67 300
118 91 767
3 36 934
13 62 590
5 59 192
17 123 770
3 102 736
108 104 631
99 124 502
96 35 637
43 57 679
44 102 217
8 16 48
109 72 238
45 124 353
121 20 295
13 19 893
11 108 396
103 63 786
61 16 5
39 72 753
106 86 297
60 53 536
61 108 762
34 95 950
106 99 7
107 39 333
54 73 839
42 109 20
102 58 967
36 122 815
84 117 809
107 51 572
8 67 134
45 62 764
18 71 271
62 70 739
123 101 29
6 46 54
85 69 79
35 6 118
27 91 761
35 62 464
55 4 231
66 24 160
54 12 613
99 8 919
89 12 654
51 98 827
87 4 738
46 115 41
27 45 12
62 121 273
19 75 366
34 79 285
115 54 671
45 73 606
110 71 794
9 120 677
91 113 349
18 91 118
100 119 881
82 18 331
109 119 430
5 97 271
1 101 745
69 29 626
42 102 501
122 120 273
125 19 653
124 8 433
111 125 165
115 21 241
68 67 662
27 111 958
35 89 371
41 82 390
17 113 966
116 36 374
50 106 525
125 72 600
49 116 378
57 44 515
39 54 563
36 70 627
90 101 806
88 62 786
74 117 104
98 86 925
54 52 351
29 102 916
26 43 194
96 122 32
123 23 606
86 44 186
74 82 2
27 111 971
16 39 909
117 113 274
91 52 594
106 53 630
55 110 444
94 77 474
80 125 45
15 93 37
23 78 429
3 50 911
10 18 780
79 8 721
56 25 811
43 93 149
3 27 146
17 44 704
92 117 905
108 55 673
48 29 977
13 31 945
97 45 937
117 15 210
2 99 547
65 122 996
8 120 857
2 72 858
95 94 774
99 7 36
30 63 965
97 118 634
57 71 873
76 81 690
27 68 735
18 109 376
5 107 961
120 56 448
106 89 650
66 100 76
112 96 796
95 28 275
26 120 669
75 5 556
89 74 177
49 80 242
123 83 323
78 90 251
69 43 132
14 123 612
65 50 86
36 57 926
30 42 101
100 32 685
36 27 0
31 50 110
76 106 467
4 11 710
90 109 898
82 24 777
110 93 891
59 20 689
35 57 404
5 35 24
125 71 993
41 14 958
16 35 469
43 25 650
84 112 8
26 1 401
38 67 860
84 32 244
104 3 460
42 14 201
91 104 463
97 99 381
1 102 379
103 63 157
103 27 463
64 84 474
58 71 687
84 1 823
19 108 985
85 10 735
94 60 630
74 13 870
43 67 135
101 71 610
123 18 220
112 4 415
100 37 116
17 65 213
54 75 966
100 59 777
82 31 217
25 45 611
43 53 65
17 6 922
49 18 908
101 30 141
1 62 175
1 45 760
105 70 143
36 30 381
21 77 743
88 103 199
71 64 416
53 59 156
20 79 499
75 87 304
122 118 524
123 53 419
55 88 131
119 4 478
84 111 11
84 61 153
115 7 411
31 55 133
11 51 427
10 4 550
27 108 499
23 2 489
17 91 750
85 33 156
97 124 750
61 105 504
125 39 491
98 25 367
35 31 619
76 62 261
116 101 773
8 7 914
39 12 863
41 110 870
116 18 775
5 27 256
75 26 307
78 35 7
97 121 637
102 74 695
73 35 399
11 34 86
15 98 328
58 93 714
27 44 46
51 107 337
123 67 946
97 7 471
19 67 919
111 108 242
27 67 215
104 97 447
84 17 739
71 74 191
50 18 722
5 106 643
74 115 597
95 124 442
10 49 390
101 40 710
9 29 710
102 110 594
67 16 137
36 3 129
68 75 395
43 111 796
115 85 320
17 22 195
49 66 399
106 45 554
40 60 52
102 62 967
84 98 448
94 25 594
122 120 946
22 45 501
103 12 971
62 84 784
6 119 154
44 107 418
36 39 819
35 30 622
20 31 955
3 122 693
68 107 360
77 119 316
100 59 240
111 48 446
82 37 249
80 16 425
54 67 659
57 61 724
88 75 876
33 81 653
113 95 821
14 119 157
103 83 864
18 125 630
82 88 564
59 112 575
12 115 360
5 2 696
73 2 948
111 5 116
122 121 450
100 13 595
11 69 769
124 17 242
111 29 675
55 102 889
123 92 453
17 19 152
39 68 595
34 35 217
120 109 927
66 48 88
41 115 556
114 3 44
2 44 530
31 89 348
101 75 262
4 45 604
92 18 525
11 2 836
16 1 256
24 42 78
21 46 317
3 71 488
67 37 922
110 109 162
97 90 979
34 52 692
32 10 28
49 80 565
25 34 921
45 82 441
69 24 405
36 101 87
120 30 876
56 120 14
21 23 40
117 123 493
122 80 58
69 64 972
121 91 674
32 7 669
75 121 128
6 63 76
70 31 38
60 20 40
22 91 592
85 4 557
16 39 790
26 45 121
82 56 49
88 107 36
85 113 729
114 69 761
106 30 756
18 60 352
112 37 902
39 62 776
19 112 138
104 18 317
61 29 685
82 71 478
113 94 908
77 62 400
42 68 760
87 8 417
11 64 20
94 4 348
101 85 158
49 11 47
82 57 930
28 34 383
37 45 579
60 82 113
68 12 44
47 58 623
15 44 564
3 118 266
35 118 427
67 81 200
18 83 83
11 33 562
78 110 478
76 83 351
62 122 71
47 91 921
122 86 64
4 82 229
44 46 221
73 62 533
93 14 759
49 54 888
10 15 201
7 23 441
46 64 736
77 103 535
29 100 309
60 12 67
32 73 581
36 43 643
25 107 176
120 9 496
115 82 198
2 54 267
119 15 630
46 42 317
75 24 140
96 46 802
110 91 29
28 78 644
52 115 468
101 23 666
86 53 505
51 32 180
114 36 263
48 113 639
24 98 308
83 15 747
98 33 514
10 104 407
56 92 425
23 64 54
95 115 151
75 39 798
77 7 207
83 42 328
75 14 741
23 104 126
23 73 813
2 81 117
67 37 506
2 63 972
8 97 312
84 35 702
75 76 572
9 74 389
20 16 836
24 77 262
24 99 546
51 106 371
117 16 143
40 36 907
85 39 206
115 110 515
60 61 443
18 57 298
104 73 992
12 25 269
65 4 456
6 93 1000
35 80 524
122 44 335
109 71 712
121 38 782
29 84 152
69 64 677
91 95 658
15 90 480
92 34 938
23 25 489
119 19 775
67 123 936
5 112 986
100 28 419
27 45 432
90 73 643
78 97 753
58 20 592
123 97 986
122 91 881
118 90 170
67 24 526
40 10 86
59 104 472
36 86 140
78 124 748
72 45 786
88 21 24
76 96 278
86 77 686
88 99 846
103 60 79
34 21 363
107 85 77
55 39 621
11 30 306
122 50 183
60 87 162
109 8 497
2 75 944
14 114 594
9 28 878
44 73 662
4 23 401
42 48 577
91 81 76
70 60 578
88 71 905
12 96 404
55 33 439
100 114 970
100 81 793
23 25 973
80 52 913
36 93 277
59 116 953
32 86 333
30 7 777
103 101 93
54 114 481
12 46 933
124 37 399
43 54 924
57 50 642
18 52 946
18 33 667
124 20 203
125 94 442
41 52 944
79 22 430
25 75 572
47 122 676
94 22 470
105 35 298
97 2 637
14 42 559
60 90 944
97 12 830
40 83 1
4 106 240
51 25 219
8 120 927
118 51 554
85 66 819
106 92 79
62 90 830
47 102 330
92 96 973
50 11 24
8 113 887
67 61 676
37 103 894
78 41 308
31 77 758
38 66 386
77 26 420
88 44 505
22 92 736
41 93 140
65 75 28
17 113 594
30 98 625
120 18 118
96 43 707
78 49 549
70 84 493
101 64 880
61 34 534
120 8 46
84 96 996
54 112 259
45 101 551
86 91 155
112 101 55
21 77 437
25 18 27
29 84 904
96 43 599
36 89 884
38 73 560
69 59 267
66 5 501
66 30 36
43 96 829
118 7 214
72 55 378
19 121 836
101 99 850
92 68 348
110 61 231
102 39 395
115 9 235
88 13 363
42 90 387
121 89 896
93 15 344
95 46 361
77 101 381
20 29 964
49 99 28
53 22 560
115 75 747
119 91 9
65 56 162
34 8 772
59 104 298
35 63 359
72 62 781
88 45 436
6 44 65
100 41 12
6 125 956
70 42 458
121 84 902
45 40 796
19 6 81
45 109 401
43 90 660
49 76 394
36 91 165
97 33 460
61 111 864
51 99 907
46 6 249
102 89 350
88 118 254
93 44 277
63 77 82
74 19 71
40 89 383
93 89 922
65 85 58
6 109 207
64 23 523
120 51 132
11 19 508
19 38 275
113 53 505
116 35 331
22 76 676
77 73 187
78 40 529
72 90 223
117 37 754
25 46 478
66 27 528
108 41 779
120 42 433
14 42 264
96 33 206
45 55 420
61 68 362
22 101 103
103 94 37
78 25 786
124 76 688
79 69 681
20 124 180
74 108 772
86 27 91
53 121 649
42 17 140
39 78 627
2 10 334
6 52 854
95 120 97
7 19 701
82 92 902
1 74 739
95 86 486
117 42 882
12 23 990
59 6 516
107 122 161
36 15 812
51 105 913
20 88 644
5 100 144
77 74 775
33 38 771
64 115 825
4 30 54
8 61 415
23 96 705
85 64 841
112 10 854
75 52 204
73 100 22
60 62 950
78 92 974
105 124 7
6 17 55
32 91 199
9 21 488
67 53 624
12 1 948
111 27 565
2 62 214
107 99 914
1 25 796
61 92 301
62 35 144
12 20 409
10 87 994
51 6 129
81 5 562
42 8 683
100 42 185
40 109 593
27 59 235
21 30 676
66 100 443
18 89 212
102 62 340
93 123 20
116 53 468
15 73 825
27 7 947
100 98 467
49 21 968
104 114 645
117 69 72
51 21 824
21 80 389
43 49 580
55 11 535
63 102 235
20 77 969
19 90 531
74 42 757
65 12 282
80 45 765
29 67 739
9 15 319
24 14 36
103 60 886
18 7 829
120 34 409
113 18 728
54 78 571
11 21 246
56 74 369
41 73 858
13 115 110
103 22 486
38 111 452
41 86 568
39 109 558
26 78 355
71 41 931
69 113 103
46 96 342
59 41 189
103 81 19
30 50 463
77 14 588
44 43 435
68 6 44
42 48 458
115 12 988
20 11 749
46 43 600
4 63 849
92 61 497
79 84 883
88 21 147
16 19 208
71 59 547
38 64 124
78 102 65
11 90 214
49 121 878
15 21 637
54 9 955
57 97 985
72 82 804
96 98 915
3 24 809
39 42 867
87 56 787
2 111 845
6 110 729
92 22 30
106 19 529
47 21 919
78 20 763
5 3 145
62 44 595
4 99 347
107 103 203
34 39 903
56 124 458
23 46 229
121 102 340
83 42 143
44 18 983
106 13 727
57 68 876
44 18 165
100 3 457
18 68 87
12 16 897
37 84 65
65 100 87
74 53 86
70 81 76
61 6 841
61 4 14
19 35 408
33 65 676
25 66 595
27 58 590
106 108 38
60 6 938
116 36 125
17 104 897
124 82 520
43 25 830
62 53 108
95 96 50
67 59 995
15 42 254
85 50 193
90 109 152
92 80 347
17 86 210
33 16 383
7 14 115
58 77 160
31 34 709
2 90 236
50 40 982
56 115 829
84 30 886
77 3 508
72 39 786
114 12 511
90 121 512
119 82 888
109 6 495
20 65 273
123 53 357
14 98 694
83 33 699
71 30 706
8 106 323
79 26 526
22 116 761
116 15 136
46 99 466
24 64 743
83 117 814
104 12 823
41 93 518
74 117 447
76 6 671
84 64 776
3 82 442
45 93 459
35 68 705
84 16 735
34 68 761
76 31 620
91 55 777
21 88 294
119 115 489
63 22 293
78 45 404
88 4 787
13 87 870
88 17 726
43 83 393
29 56 217
11 19 618
2 32 779
13 25 635
9 93 512
21 36 225
6 23 21
34 14 767
48 94 806
86 52 992
74 28 122
64 110 265
119 95 668
84 6 555
105 47 847
83 16 371
98 6 534
9 99 707
97 31 924
81 6 413
61 83 107
116 32 853
27 48 224
93 105 639
23 85 559
82 69 234
35 74 617
80 115 208
24 55 505
17 29 173
2 34 717
32 95 883
42 16 658
24 68 703
90 6 901
113 72 227
52 78 335
61 79 523
25 28 813
122 72 133
106 42 423
119 24 441
39 57 570
79 113 726
43 104 815
55 105 735
89 98 355
76 77 927
64 120 821
77 102 314
39 61 396
83 7 914
99 22 148
12 61 695
6 37 174
52 80 128
111 43 683
32 68 591
86 58 732
84 124 994
54 25 78
92 32 348
84 110 49
26 6 630
100 97 2
11 62 812
60 82 372
38 46 97
25 101 900
80 36 584
109 89 895
125 39 0
104 18 818
11 16 817
67 16 680
97 26 138
73 104 789
61 66 21
3 38 357
31 119 421
111 45 742
44 62 424
97 71 554
48 75 243
79 67 111
123 97 627
113 34 496
30 62 220
67 81 930
102 8 752
31 63 4
125 121 833
26 13 767
49 58 448
8 42 501
95 90 862
111 17 535
63 40 756
122 97 458
63 1 47
56 99 832
103 47 424
9 10 206
76 2 900
37 19 919
51 117 362
13 63 555
46 27 645
93 21 216
57 39 340
3 18 657
31 44 785
89 71 490
30 115 288
109 1 98
114 66 694
31 104 18
26 8 177
82 33 3
37 86 47
48 99 963
3 92 727
36 35 960
15 86 900
4 90 153
41 39 983
103 79 470
120 80 877
125 52 194
33 119 175
114 111 292
49 59 807
17 12 571
13 28 345
55 8 373
110 56 536
51 47 545
47 24 38
65 109 351
113 35 158
90 35 634
56 64 154
62 113 297
100 25 101
123 72 7
40 50 512
98 70 116
10 28 361
125 58 739
105 85 928
98 2 884
64 45 339
107 49 774
118 74 408
1 43 302
73 103 95
17 112 226
12 13 639
54 27 890
117 62 639
121 94 384
19 114 98
38 6 535
51 70 505
61 17 747
16 32 270
100 40 207
27 21 563
74 45 652
43 56 35
19 68 103
58 3 911
50 51 905
115 20 305
22 4 493
68 14 270
70 26 237
92 49 394
53 92 823
78 107 653
108 39 618
41 121 782
70 118 994
21 86 6
79 58 616
66 77 5
101 38 347
45 42 888
71 24 955
119 104 152
88 123 560
83 70 86
7 91 109
13 30 609
59 56 919
77 55 819
20 100 1
43 17 578
56 54 216
3 124 237
26 37 143
65 64 540
44 17 760
72 105 887
89 123 709
86 65 911
31 49 929
38 19 315
92 50 457
74 6 794
100 71 593
88 115 389
92 25 400
58 43 794
48 92 760
125 31 874
100 124 806
20 43 382
78 125 777
63 98 695
25 28 76
90 84 205
8 19 717
58 71 748
2 98 759
2 51 913
33 9 490
47 61 696
2 123 523
79 49 233
51 34 527
61 119 208
13 109 376
109 50 712
38 71 868
66 13 854
104 12 583
115 17 531
38 118 162
100 110 655
104 97 361
118 10 223
47 41 313
83 96 865
93 31 730
102 18 340
59 105 110
123 69 596
103 61 535
17 63 965
27 71 894
39 64 199
68 16 668
83 37 527
47 41 326
87 32 353
22 92 298
4 81 509
81 58 858
40 53 865
56 23 208
9 37 3
83 99 250
123 13 650
86 39 116
6 35 141
25 62 679
29 75 232
61 66 573
106 21 124
4 92 267
116 40 329
43 24 431
98 31 593
67 122 840
15 19 96
76 63 402
32 59 518
91 112 323
62 1 942
110 34 64
24 92 389
114 78 304
82 47 477
61 14 9
9 29 879
105 109 451
6 25 971
31 71 151
64 47 332
90 60 695
37 113 985
111 84 848
78 94 769
101 42 696
37 55 226
87 99 662
71 67 441
108 15 730
58 79 668
71 15 961
71 87 800
88 1 625
4 20 525
89 72 183
20 118 635
109 74 640
17 122 608
77 107 17
39 54 237
39 45 683
82 35 372
89 24 822
58 20 330
118 27 377
107 22 163
92 33 868
50 11 204
68 6 827
46 13 80
6 52 161
29 37 316
15 4 982
28 88 170
51 21 815
27 18 346
110 55 607
47 116 300
40 53 544
2 53 398
22 103 516
99 23 617
32 105 781
3 18 525
52 22 431
24 114 258
35 57 533
20 22 886
50 54 35
3 26 241
26 70 630
33 74 795
107 40 580
93 71 736
69 26 499
123 11 525
96 7 304
108 67 478
86 23 56
88 111 836
48 116 367
99 119 567
39 72 253
75 117 700
83 67 633
21 44 561
101 22 662
116 10 371
86 40 410
55 1 201
73 69 29
19 92 315
34 85 930
38 100 469
55 115 717
45 36 90
111 73 1
40 63 844
108 22 75
71 12 76
87 71 400
41 124 154
73 28 341
61 71 730
2 72 895
121 108 150
63 21 758
98 49 985
91 50 719
69 115 971
121 28 800
46 115 359
37 23 868
34 125 305
106 39 866
75 106 2
17 34 66
66 19 713
96 42 624
92 110 538
57 61 343
10 66 497
96 36 321
45 59 989
89 48 979
101 49 633
111 108 237
19 37 779
75 12 259
41 49 747
112 61 273
63 31 25
70 34 639
117 56 971
56 57 153
79 69 498
81 25 749
120 121 664
23 75 157
14 50 26
36 81 273
87 98 142
26 1 88
89 65 222
89 72 935
88 40 514
32 123 221
114 12 944
41 106 355
20 108 110
73 108 296
41 85 417
55 41 915
75 20 96
71 90 372
60 84 112
59 6 454
112 35 499
27 44 404
25 53 819
115 119 434
13 88 882
77 34 762
46 65 204
14 21 506
69 114 183
21 46 57
23 92 982
64 68 459
4 57 583
9 53 257
55 46 333
89 110 651
13 37 772
58 43 554
85 116 417
25 12 350
97 118 939
51 26 46
70 67 253
5 45 617
12 117 14
38 56 199
41 12 73
24 106 368
85 60 192
41 103 191
7 58 994
108 63 172
123 85 553
32 123 476
56 2 822
9 125 604
38 50 569
25 32 76
109 86 129
112 13 56
21 8 717
7 41 882
47 33 478
4 10 376
10 89 52
118 74 907
79 37 225
68 26 995
89 80 88
122 57 29
39 46 952
45 18 788
101 2 910
95 101 169
63 108 863
12 91 11
119 66 117
80 76 16
113 55 612
66 29 864
66 24 520
103 40 586
52 80 440
57 9 555
60 70 674
10 55 710
36 96 906
22 75 872
7 37 897
107 68 481
46 72 889
6 44 997
90 54 691
65 6 684
103 50 119
23 76 488
70 90 118
42 84 871
112 52 495
13 24 805
35 115 663
115 34 5
66 49 526
33 78 460
25 117 109
50 44 933
97 103 633
67 32 936
31 40 440
29 106 739
102 115 746
74 6 354
45 124 42
42 35 578
100 48 435
111 75 933
30 80 135
11 84 896
23 30 614
31 73 738
20 95 627
98 112 399
74 120 991
82 9 884
96 110 971
71 21 85
96 34 158
60 20 169
55 10 745
45 9 297
62 80 298
38 44 884
44 45 516
73 4 294
56 87 208
64 1 447
10 90 370
68 59 622
30 87 538
68 98 284
22 13 599
99 81 598
19 77 623
123 73 679
22 5 923
64 1 339
108 62 807
79 49 853
83 39 564
123 113 199
101 64 578
118 20 363
34 85 435
100 92 696
87 89 97
108 113 745
33 86 660
103 56 919
58 121 263
30 49 259
1 54 322
73 95 839
62 11 332
51 81 296
45 84 430
83 106 631
9 83 312
119 62 40
30 18 801
78 16 312
10 1 395
120 71 564
19 58 744
17 78 661
85 108 180
98 34 855
40 56 467
23 122 175
13 26 974
84 35 926
41 99 891
21 121 649
61 80 297
109 94 304
46 120 329
113 84 281
62 55 92
83 9 38
72 49 123
53 62 209
101 85 771
41 72 155
50 122 50
114 1 435
96 48 940
42 70 520
18 92 866
11 88 64
122 48 156
61 6 95
7 45 426
114 47 406
90 123 230
48 94 610
44 98 243
59 29 172
59 48 185
21 81 216
4 18 39
44 100 23
109 20 718
30 2 294
37 6 459
96 102 664
62 67 465
48 110 675
16 89 553
46 79 58
94 22 102
89 117 546
76 86 430
3 118 195
12 48 732
100 38 31
16 104 797
44 53 742
85 48 690
100 120 595
101 42 390
118 115 989
53 64 739
42 8 126
115 89 9
85 5 175
64 65 689
51 61 447
47 65 834
1 58 537
29 8 528
53 83 873
89 105 283
25 21 469
125 41 389
65 23 517
14 103 965
85 33 395
54 38 868
63 90 607
104 25 275
96 91 905
70 45 12
14 97 369
118 2 536
44 51 93
68 97 969
105 18 878
91 42 92
104 100 45
27 102 556
6 44 489
66 3 195
80 9 285
46 37 131
56 109 695
49 91 224
100 59 224
92 64 262
11 122 559
10 111 605
39 50 468
40 8 761
48 39 124
66 38 310
99 55 492
23 102 275
60 78 713
32 58 70
56 33 161
73 92 596
123 120 270
94 59 481
68 45 647
25 35 70
77 81 960
98 93 322
45 8 382
32 100 602
44 81 520
105 19 833
116 36 118
43 75 644
24 68 78
7 89 575
81 124 719
37 39 823
117 96 482
116 68 272
124 28 169
57 55 310
124 91 454
11 12 3
70 8 964
65 10 321
80 76 944
42 71 800
119 23 796
1 6 965
100 109 192
51 17 241
1 107 522
5 27 992
113 51 953
65 45 665
54 101 108
85 116 782
125 76 476
20 2 735
56 112 938
22 120 230
109 82 483
70 91 975
3 87 658
71 34 818
87 56 351
123 35 158
80 72 20
64 45 143
2 94 176
81 99 500
100 52 947
72 124 486
99 48 865
59 90 358
115 113 179
74 26 995
75 38 585
68 11 207
55 100 422
72 85 908
124 111 651
28 76 98
72 99 25
49 17 977
4 115 269
62 82 535
104 72 658
98 89 175
95 46 827
68 101 487
20 33 448
84 46 728
99 33 304
41 28 395
47 73 363
93 68 629
28 14 509
14 91 552
122 57 286
7 18 374
34 21 426
82 6 467
65 1 813
59 104 656
2 29 595
30 86 302
83 108 303
120 75 834
15 49 87
101 82 988
117 61 96
38 2 704
20 54 749
20 85 62
38 62 489
31 112 35
3 52 30
77 1 134
59 83 839
109 46 384
86 52 409
91 81 260
63 48 786
125 46 801
66 82 21
44 69 94
88 99 104
87 54 250
6 79 686
7 105 211
29 26 586
88 42 738
69 39 470
63 39 858
91 108 743
66 10 303
34 87 325
27 75 979
60 3 180
107 27 498
56 5 935
65 58 663
114 93 673
68 19 299
93 42 831
56 94 576
121 42 121
9 7 548
46 111 498
23 7 564
97 104 832
123 11 45
52 18 532
66 16 848
2 94 686
91 70 464
50 100 21
72 3 935
29 6 68
17 104 127
35 89 62
101 111 897
26 32 918
73 54 372
1 104 976
62 37 858
30 27 219
10 49 818
70 97 310
54 98 37
67 118 576
119 82 815
9 82 210
10 69 689
18 2 854
49 39 199
2 125 278
73 23 951
97 118 191
15 107 710
72 27 487
34 116 500
89 53 658
12 29 92
124 13 831
93 112 98
71 70 274
39 79 260
108 76 531
37 78 445
94 105 614
52 109 151
96 33 940
124 94 123
5 83 403
60 49 564
120 38 644
120 33 300
36 78 276
44 15 331
15 98 85
31 61 435
4 119 739
74 111 986
68 97 837
100 61 17
52 48 154
59 106 407
76 18 971
42 53 423
121 111 839
3 8 968
99 5 418
23 63 848
41 58 450
16 41 864
113 38 957
50 18 829
12 20 793
51 125 205
67 22 840
46 61 248
15 51 740
46 115 713
12 114 512
75 60 425
68 124 394
6 26 730
6 17 681
91 23 310
104 114 211
34 87 30
23 38 508
86 87 192
93 90 806
11 24 97
109 53 105
67 86 838
86 83 487
75 106 19
44 1 917
103 57 555
24 100 982
38 91 319
113 21 737
30 96 536
37 89 283
116 61 918
117 50 648
75 80 87
91 108 919
19 41 97
43 116 442
55 28 805
98 40 835
27 59 164
41 30 606
118 69 726
109 87 345
105 107 9
16 111 518
112 91 869
24 61 185
97 1 129
75 91 222
72 59 252
42 73 835
24 20 827
61 6 957
74 59 919
57 104 541
100 98 288
124 32 923
101 90 785
75 34 398
61 104 711
96 118 181
100 69 230
74 28 559
60 7 259
65 1 318
16 83 311
45 116 304
27 84 170
9 94 770
94 91 263
60 64 241
56 15 765
16 52 180
63 71 154
107 63 502
49 125 967
35 102 69
43 104 192
103 71 866
83 19 638
122 115 267
52 117 471
101 6 656
79 75 521
99 3 64
40 8 200
115 43 109
111 83 277
6 31 524
50 88 92
82 35 915
4 93 765
123 11 355
83 25 281
91 87 418
121 65 765
36 82 73
113 21 187
121 50 376
4 47 770
107 93 357
114 91 627
88 87 659
101 106 311
8 105 214
114 71 160
16 107 250
48 124 667
53 125 685
31 28 313
43 31 77
82 122 631
83 122 227
15 85 322
100 76 380
78 57 638
7 16 145
12 50 340
25 15 102
59 123 779
79 52 82
109 25 85
29 119 682
99 34 881
39 89 90
57 16 925
25 21 755
50 99 994
53 41 933
87 24 131
88 15 688
36 58 981
24 80 264
92 110 718
102 18 709
2 110 670
73 19 980
17 122 480
70 95 829
114 58 705
33 93 462
60 31 682
60 7 59
65 20 168
109 3 982
117 12 61
29 111 16
83 109 247
25 106 583
107 106 672
13 31 20
98 12 478
113 88 738
95 97 376
117 9 931
67 61 957
57 60 311
81 94 655
125 5 398
123 56 716
71 56 554
110 6 321
125 7 178
104 70 438
78 34 320
65 70 2
98 29 502
24 123 768
68 14 452
6 114 803
26 95 438
43 47 518
47 46 49
19 59 586
48 83 988
2 45 796
74 72 499
108 65 385
111 109 106
4 98 306
37 124 79
39 124 689
101 88 13
103 12 449
71 41 673
87 125 266
47 91 357
104 60 406
102 23 611
7 67 994
120 55 745
114 70 152
88 66 413
83 28 284
44 85 524
57 55 717
50 120 503
10 6 342
71 123 45
124 35 471
73 97 84
82 11 613
47 9 301
33 32 683
113 89 484
26 97 473
118 71 35
68 120 315
46 115 460
11 30 292
1 51 512
60 83 672
38 106 334
123 27 512
38 23 336
42 67 576
102 100 928
30 12 986
47 18 363
16 9 672
52 58 309
54 85 584
123 19 18
3 18 894
55 54 713
105 94 622
29 36 581
113 10 618
125 21 960
47 46 317
95 8 134
52 72 99
24 83 267
101 26 908
68 44 912
59 68 117
28 99 381
75 82 698
71 12 432
74 109 245
35 52 908
91 107 478
52 98 98
39 3 492
77 1 70
19 70 23
110 83 647
14 8 961
26 4 766
38 72 66
60 71 688
37 85 153
50 102 192
32 57 799
117 32 849
112 82 796
21 108 578
12 40 336
82 61 702
9 112 938
37 26 633
81 22 420
35 109 903
52 13 3
27 44 289
25 79 168
12 25 297
77 26 527
82 19 597
80 110 48
64 124 697
45 122 475
51 79 454
125 60 96
89 125 400
90 63 128
37 92 61
33 118 523
120 79 730
27 25 397
82 117 85
54 118 319
19 107 453
76 93 584
100 84 113
26 39 857
7 68 214
20 46 2
59 35 316
118 42 73
101 122 470
1 121 327
81 72 375
64 14 579
71 93 918
50 60 450
88 30 690
87 54 441
54 50 427
31 120 696
71 58 631
29 76 369
115 57 851
46 28 678
9 108 320
42 20 974
116 67 455
108 70 447
32 122 890
94 49 147
8 79 726
69 102 192
37 108 661
41 16 952
29 90 388
40 115 59
113 11 764
55 18 482
65 32 838
93 89 545
67 16 743
79 124 523
24 16 952
4 16 951
59 87 869
102 65 676
113 74 187
20 70 200
62 124 816
82 86 209
66 54 513
14 80 637
10 120 539
1 31 918
28 12 599
112 20 536
42 50 48
94 5 733
37 45 325
82 43 512
69 103 780
7 83 188
95 61 453
106 25 400
119 9 757
6 106 821
45 76 331
109 61 549
82 115 509
88 124 728
31 56 377
121 120 329
73 18 209
103 9 353
31 109 425
121 89 198
91 88 133
28 77 741
97 14 675
4 98 858
47 44 942
30 109 950
76 7 610
97 40 812
96 63 623
121 14 963
76 23 325
97 75 806
61 9 973
74 91 404
109 57 39
65 29 125
124 101 438
54 105 715
46 99 8
117 71 401
122 64 414
4 120 859
60 64 969
11 24 33
28 106 223
106 66 656
75 47 772
116 66 848
96 55 745
2 124 607
33 109 287
117 15 442
99 77 593
17 93 10
120 24 792
63 14 792
34 114 190
59 79 199
57 121 697
5 18 707
73 70 883
101 19 828
68 77 231
8 101 702
98 16 414
59 76 22
98 58 37
121 34 867
82 33 671
103 12 209
118 37 831
82 94 129
66 71 896
23 94 860
111 48 502
71 18 385
124 18 924
28 70 525
36 70 538
73 52 704
47 121 639
62 69 20
89 37 355
111 32 908
22 3 802
84 5 932
56 88 11
115 43 742
96 11 930
119 50 975
71 68 98
29 110 422
27 111 882
125 115 221
6 122 228
86 29 499
66 8 853
17 3 722
57 41 434
89 118 549
103 97 939
85 51 554
61 25 596
1 87 747
35 113 810
31 106 829
105 73 431
25 61 545
7 37 6
109 120 942
98 33 986
41 78 959
57 17 198
74 19 99
79 34 806
3 83 891
16 117 258
4 17 827
24 85 962
94 107 570
63 93 801
1 103 583
75 41 821
26 109 593
116 89 403
33 7 857
32 29 97
18 5 230
71 78 691
59 88 637
79 69 359
81 39 279
37 78 449
4 37 782
51 53 724
33 103 457
96 102 549
66 63 630
75 62 772
8 33 102
66 3 993
121 31 83
40 32 563
11 48 203
55 118 205
42 81 863
27 48 973
13 11 109
51 11 848
23 110 776
54 16 163
113 31 908
35 78 24
13 92 219
26 122 252
22 7 775
11 112 80
27 18 20
115 105 885
61 18 582
69 103 151
40 6 439
113 90 441
9 30 400
53 125 166
100 118 905
27 65 216
87 63 116
74 6 536
117 87 171
25 13 355
38 105 245
24 48 517
120 125 485
9 10 808
38 19 178
125 35 92
63 96 657
61 54 747
100 121 48
6 36 25
109 104 448
43 49 258
82 35 301
61 103 639
64 73 411
15 1 519
60 104 988
97 57 416
35 125 499
83 37 724
11 8 157
47 45 457
93 118 643
78 75 819
57 56 249
102 31 947
14 115 136
75 96 961
50 87 128
36 99 5
87 93 385
58 76 726
71 110 322
5 30 75
108 67 165
86 2 852
74 95 604
21 110 831
1 79 440
31 44 582
90 47 307
120 86 627
35 55 682
70 68 594
100 101 698
53 68 826
93 27 474
121 77 403
55 115 404
64 62 356
90 106 69
66 19 387
54 38 190
121 76 178
121 26 586
88 124 354
50 111 498
124 18 871
21 58 304
35 103 285
26 14 398
72 55 366
95 26 98
124 92 2
2 53 569
5 114 725
23 86 808
118 39 679
6 21 874
125 107 829
61 4 363
11 27 883
17 57 784
71 54 110
59 116 512
15 72 654
107 25 93
58 124 342
60 112 774
79 16 53
121 100 777
26 20 980
69 112 508
95 77 157
52 33 589
57 54 27
79 26 633
70 7 223
60 121 900
38 124 95
69 120 978
40 93 19
86 89 739
97 92 89
99 125 933
47 41 431
15 118 719
63 22 279
99 40 566
1 47 864
33 84 270
23 114 186
31 6 666
15 84 88
102 103 273
20 33 441
103 43 599
103 10 422
23 32 827
17 30 226
74 15 398
117 2 435
47 121 23
116 61 372
102 9 988
21 72 578
24 34 203
27 81 424
117 99 223
37 78 746
1 17 998
110 24 528
1 31 344
17 23 344
60 74 922
9 94 211
35 84 15
31 33 553
113 68 508
76 79 222
121 40 200
10 123 421
102 42 239
54 106 3
23 106 725
82 62 109
77 43 538
78 5 536
80 57 495
93 105 867
96 24 266
99 25 18
106 34 706
83 44 782
20 34 396
50 35 424
97 39 454
106 118 296
24 96 212
37 74 236
107 35 904
64 89 676
76 13 110
53 108 819
113 42 963
21 104 866
105 120 398
43 123 383
25 88 8
78 9 254
47 51 973
16 18 400
27 100 921
123 33 844
73 99 539
110 74 604
116 120 389
92 17 211
6 60 679
10 120 220
51 121 922
36 60 290
7 30 568
89 88 309
43 75 463
16 12 477
71 55 562
78 67 501
46 53 442
82 30 375
15 115 810
37 27 258
35 9 971
89 63 602
124 78 977
9 32 382
82 27 491
34 17 622
106 66 913
39 120 49
34 108 511
52 32 702
87 46 85
62 37 972
32 70 491
73 122 886
22 50 98
24 119 370
37 112 194
9 32 732
63 56 457
93 72 19
31 35 12
73 102 540
12 5 896
53 119 41
82 99 609
53 36 272
37 64 769
124 23 236
39 28 702
40 59 76
5 103 863
1 57 991
12 59 314
69 63 270
68 18 416
39 18 364
43 19 5
40 4 490
103 112 754
29 58 102
121 106 596
25 86 846
69 27 963
124 61 999
68 31 210
29 13 746
7 2 414
64 1 255
8 86 381
9 67 163
81 15 395
1 123 927
116 110 440
96 16 605
43 38 381
34 78 348
19 4 562
104 86 250
109 27 742
15 117 683
3 43 29
88 3 737
107 113 758
15 87 548
94 23 648
34 65 5
123 125 246
10 54 726
86 9 760
47 118 961
62 2 815
30 89 368
114 85 251
18 96 80
109 76 230
85 49 226
36 96 514
102 108 890
11 77 367
21 119 290
106 100 711
77 104 172
33 8 935
8 29 533
62 75 246
55 22 633
18 70 966
121 105 104
112 21 561
1 66 490
113 90 456
33 72 812
64 20 752
27 13 41
32 98 925
7 54 41
86 64 709
24 22 358
81 16 350
100 77 330
9 6 408
51 3 692
120 64 224
11 99 627
94 26 299
39 101 751
58 93 372
99 11 272
26 30 920
116 51 731
93 71 654
23 63 399
46 70 666
51 70 867
78 125 763
44 101 982
102 59 903
104 97 105
94 10 439
85 106 76
91 66 110
76 60 761
3 109 170
123 41 214
111 93 157
125 77 575
42 77 839
39 123 523
18 83 975
17 120 950
89 124 7
64 74 597
116 120 578
67 24 100
6 1 224
37 50 310
16 123 763
118 124 725
10 38 461
30 16 387
10 5 284
79 106 995
26 68 757
87 19 693
46 80 441
102 95 142
64 97 823
100 32 290
44 78 543
47 37 422
92 22 757
25 89 31
10 78 920
61 38 484
54 8 676
89 114 204
108 46 299
64 12 900
110 84 447
112 36 363
39 89 70
21 17 631
62 15 96
49 46 505
68 15 321
49 40 956
3 14 417
74 108 736
2 86 882
120 65 946
100 57 360
87 59 105
120 16 7
48 14 384
21 15 154
32 35 965
61 120 795
49 3 966
77 103 393
124 17 839
28 102 388
6 82 589
69 64 159
69 14 567
93 46 276
105 14 163
35 97 589
54 41 987
59 47 117
95 84 417
29 63 221
96 84 794
82 15 925
70 39 806
81 97 933
95 5 538
22 86 78
96 77 791
34 76 478
86 93 809
90 63 871
47 86 539
61 96 680
2 15 547
96 106 674
73 11 560
64 2 925
79 98 958
55 60 41
35 20 382
58 99 488
124 27 264
13 87 174
47 105 444
16 122 217
68 6 463
66 75 242
16 55 163
115 120 711
99 38 898
86 22 124
111 121 362
77 46 114
66 113 884
1 99 614
42 2 64
56 37 855
53 70 421
25 73 412
53 80 880
97 116 945
122 67 140
44 79 753
113 50 681
101 13 465
113 50 452
48 69 588
1 8 846
23 45 851
123 71 320
21 56 423
22 122 515
103 46 844
53 7 257
117 47 640
32 80 939
72 30 767
121 113 935
69 120 551
88 66 56
40 7 306
6 90 681
94 110 324
38 120 128
5 31 626
93 95 140
73 109 74
31 99 467
78 123 785
73 72 946
20 71 764
107 54 730
87 49 385
123 48 164
93 2 888
114 61 325
55 88 220
26 91 446
11 54 400
31 114 452
83 69 49
78 26 34
125 88 644
11 17 518
76 3 174
91 27 331
58 1 329
88 75 118
18 119 616
62 28 336
75 105 339
48 55 787
106 90 841
117 34 835
109 83 943
21 36 844
87 69 111
58 66 808
10 33 64
122 45 636
95 41 291
85 28 840
89 24 137
64 75 72
122 74 785
118 94 914
9 56 431
109 87 540
79 47 749
104 46 305
21 27 98
7 94 665
21 68 624
73 87 799
53 52 110
74 66 336
19 22 484
97 86 102
26 96 106
46 61 230
108 77 993
87 30 627
82 72 225
47 111 705
56 25 968
119 27 806
33 85 673
28 87 135
77 14 699
33 38 561
52 31 963
7 124 140
5 34 519
49 121 747
76 104 215
44 114 426
22 53 589
76 62 255
42 78 411
21 31 45
16 96 795
117 102 965
21 87 98
34 71 418
107 115 419
116 57 27
88 44 363
70 12 879
11 72 951
89 111 216
45 54 994
72 18 220
110 64 253
30 98 483
29 99 764
118 76 482
105 41 859
120 36 30
72 63 636
10 12 731
43 93 211
87 73 313
87 114 85
115 66 530
118 84 50
11 78 328
37 110 216
11 88 787
29 70 184
58 77 942
18 7 498
84 12 631
85 78 111
70 84 472
104 25 514
16 99 153
63 68 535
8 19 463
109 18 119
114 9 766
124 8 282
62 94 648
124 26 336
65 86 933
34 99 772
76 46 357
16 57 277
2 19 333
43 115 858
108 2 269
54 79 892
21 15 827
46 83 607
6 109 978
37 74 656
49 20 115
60 37 241
11 50 629
35 97 912
5 108 901
50 94 148
3 99 531
63 14 167
77 86 375
125 50 178
74 52 93
92 118 40
121 117 937
110 52 511
65 81 198
124 93 231
25 110 897
7 78 534
92 27 861
56 20 582
103 38 913
19 23 522
9 115 945
85 51 613
67 82 393
60 22 67
115 88 520
57 119 268
98 47 980
3 72 532
39 30 539
34 85 45
118 21 612
21 107 900
89 13 154
22 9 251
34 123 687
48 41 139
22 55 367
120 22 871
36 88 906
53 104 971
15 108 301
105 73 503
29 120 515
95 89 292
113 74 543
41 62 269
89 25 780
105 85 971
55 26 554
36 48 955
104 7 940
22 20 238
111 113 248
65 102 512
56 9 153
17 15 107
54 69 112
4 23 798
68 43 893
33 49 108
50 122 707
43 94 599
47 83 903
71 80 772
110 35 425
113 1 566
56 19 733
10 34 195
18 124 78
37 77 525
35 104 486
69 64 282
35 72 948
25 71 234
18 21 596
118 7 932
19 87 546
3 115 605
49 12 764
78 7 236
53 10 652
52 70 851
113 10 921
47 10 438
96 48 442
66 44 544
108 20 540
60 107 406
82 125 132
65 68 59
5 48 727
107 105 967
93 84 933
66 118 880
57 102 303
113 11 449
1 47 305
96 28 96
108 5 501
19 40 447
97 50 472
76 77 809
125 3 468
61 106 70
89 110 705
21 7 119
2 61 385
115 81 88
96 59 698
20 15 363
96 31 636
20 109 227
52 68 121
22 122 746
77 124 830
106 58 262
22 111 99
10 85 388
109 117 395
26 61 677
92 78 346
45 122 657
2 114 517
47 79 527
4 84 753
58 48 26
49 72 252
108 18 160
98 100 390
96 66 751
119 19 756
26 53 449
80 106 875
23 90 572
74 25 661
48 3 478
51 64 597
5 45 913
122 84 738
12 17 897
48 24 537
46 35 863
98 109 974
29 27 659
86 73 804
81 49 839
24 89 431
50 88 142
19 20 464
61 38 191
114 41 735
46 64 288
10 91 300
53 76 722
28 30 960
99 50 576
27 72 115
108 14 697
111 20 917
69 38 847
47 15 461
72 55 667
102 25 399
14 93 287
61 81 911
68 100 72
57 28 851
14 15 862
10 86 343
45 60 556
120 59 808
120 109 400
75 23 100
84 111 115
52 106 79
69 88 331
70 33 914
90 93 737
111 28 633
86 95 576
68 111 840
89 101 443
29 82 49
59 67 813
104 2 422
120 1 466
96 118 607
37 95 99
18 80 760
59 120 302
119 10 346
45 66 91
38 105 117
84 91 378
105 96 784
67 69 10
44 86 100
67 49 526
42 75 115
54 80 706
29 4 866
49 121 870
67 111 357
72 20 965
76 112 953
124 107 947
106 13 814
24 101 144
106 114 637
44 36 629
85 55 934
124 106 493
39 46 564
12 42 219
17 26 822
74 3 645
124 42 737
75 83 369
96 31 328
14 53 554
96 66 322
65 32 457
116 123 504
1 91 16
12 93 571
87 54 302
81 71 48
66 60 994
94 33 293
98 20 877
105 59 97
45 15 408
124 8 163
38 30 831
72 20 160
92 64 490
5 112 430
3 11 286
50 21 706
60 48 914
26 77 205
20 54 225
75 79 677
23 50 865
61 32 176
42 109 18
103 18 681
86 110 415
49 52 352
124 103 558
42 71 894
3 49 699
101 8 178
94 107 484
102 21 494
90 99 840
119 8 797
121 106 50
11 48 814
56 94 749
60 31 987
46 103 847
108 104 53
99 60 663
54 74 779
61 51 697
46 69 445
76 60 873
103 118 107
9 72 69
69 77 359
59 5 674
66 6 949
13 74 372
69 11 944
16 104 367
20 103 251
9 124 380
120 108 513
64 45 129
46 53 972
98 93 563
7 125 59
91 95 936
25 71 907
62 70 282
123 84 157
91 44 863
46 56 869
8 14 955
33 67 30
16 119 365
94 13 969
87 102 587
13 71 208
62 36 940
20 122 75
11 82 959
26 101 362
74 46 801
72 41 958
16 31 723
118 27 112
63 123 946
3 1 199
109 94 855
57 114 676
62 77 927
78 64 880
45 46 702
75 64 182
104 11 660
75 55 362
65 16 531
100 106 498
107 80 145
54 7 296
64 1 556
59 113 596
29 88 174
45 78 627
35 22 311
54 37 175
55 30 661
59 30 9
20 37 515
75 25 82
79 108 603
67 5 672
65 125 595
10 100 793
17 120 754
114 29 122
110 5 992
28 95 42
49 56 930
60 36 878
67 87 189
64 104 51
7 29 565
1 100 547
125 67 226
41 98 304
10 27 786
33 112 125
27 112 227
15 26 465
23 52 858
23 83 171
60 44 301
115 67 909
92 20 222
109 63 161
96 97 174
39 96 587
89 35 654
58 15 898
42 116 439
114 111 29
2 68 632
1 105 904
69 7 355
45 111 12
90 45 672
67 97 745
108 47 634
113 53 996
113 65 821
114 116 494
122 20 45
103 1 408
58 87 858
96 95 407
117 104 252
80 50 716
95 98 35
46 123 978
71 9 923
56 4 779
39 16 577
33 28 790
97 50 958
114 97 373
15 33 989
39 87 228
125 15 779
37 83 667
108 83 533
101 9 80
61 85 618
17 7 327
7 38 882
37 63 550
125 77 997
25 99 256
50 124 632
17 104 610
58 94 214
19 43 426
112 79 11
105 77 265
27 65 198
17 48 449
11 76 297
41 73 973
92 38 881
3 68 712
83 16 526
104 121 79
117 31 258
18 73 867
78 2 983
76 122 906
45 101 158
109 50 194
16 86 485
43 121 143
2 24 184
111 52 295
15 121 418
43 32 596
85 10 399
93 29 920
47 5 138
60 39 612
102 67 990
61 89 457
64 28 916
3 102 831
77 22 234
78 7 172
14 57 140
125 53 737
23 36 835
121 120 513
19 112 660
35 1 307
54 21 515
34 67 946
11 91 29
24 89 809
44 24 742
98 43 705
19 91 722
43 101 443
53 106 942
57 52 647
109 120 387
60 16 870
9 47 577
97 22 161
60 27 965
28 24 217
115 95 67
46 18 900
64 97 211
3 77 33
102 115 936
55 75 85
4 23 989
14 67 841
30 107 428
21 4 804
25 79 394
1 52 706
22 25 894
65 98 934
98 20 61
43 23 92
92 125 502
73 84 171
43 66 462
53 97 233
53 112 999
114 116 186
106 96 948
37 91 62
31 60 814
96 11 859
1 66 496
106 7 647
78 68 895
66 13 712
38 19 536
106 115 180
72 80 297
6 63 974
32 11 225
120 110 161
123 90 621
56 121 238
82 51 603
81 105 815
116 46 622
45 113 894
67 65 619
45 97 132
42 10 778
115 91 432
53 119 907
31 58 983
47 117 812
97 78 954
70 107 557
80 32 983
16 9 590
3 107 130
44 35 755
47 39 340
32 100 724
9 119 533
94 114 660
78 80 329
93 51 250
70 19 565
25 12 595
20 60 31
35 93 743
9 84 202
107 120 217
103 110 527
74 52 447
69 6 952
69 25 965
39 105 596
114 35 223
106 91 41
112 87 358
16 103 531
53 78 330
97 117 666
72 43 899
101 68 715
74 9 521
89 73 546
40 87 428
50 48 692
64 101 534
36 19 245
108 74 926
14 91 648
3 77 880
10 74 245
85 64 677
121 78 208
83 92 226
14 19 516
59 118 687
106 98 323
112 89 525
30 124 690
118 92 267
62 63 631
33 107 104
4 56 966
10 56 349
113 79 770
93 62 802
102 21 54
69 74 611
89 96 543
51 45 896
100 109 785
66 4 113
43 125 842
31 53 261
19 13 844
34 66 278
81 108 563
46 112 641
112 21 367
83 125 874
95 40 525
98 76 62
45 103 151
87 124 590
51 83 262
93 120 231
46 16 236
69 110 217
42 113 585
4 110 168
54 57 937
70 111 651
103 70 952
125 8 389
109 14 460
14 118 484
57 101 42
52 15 394
114 55 406
13 48 710
91 84 495
67 77 779
74 31 777
91 37 154
73 109 993
114 38 587
34 46 847
24 47 62
93 101 581
76 124 444
72 18 292
86 11 493
109 88 917
111 125 73
68 2 175
65 15 294
122 35 487
73 68 524
103 55 512
26 59 743
21 108 175
75 29 445
75 103 431
85 1 717
18 31 375
116 65 690
14 57 571
44 115 941
95 86 953
97 75 361
10 7 28
94 57 841
5 100 611
121 16 69
57 109 710
34 4 799
119 38 100
21 5 319
36 60 877
62 87 680
71 49 203
104 25 118
58 83 216
77 16 375
90 93 836
71 70 33
50 90 623
51 45 588
20 100 424
5 72 791
112 46 870
6 35 54
70 112 969
73 36 73
90 119 865
108 82 162
38 53 615
88 30 58
24 1 965
116 97 224
118 91 501
34 118 281
53 59 264
116 100 414
92 112 711
14 40 630
73 67 675
32 92 500
76 40 718
67 8 543
105 4 18
74 95 104
122 30 869
99 77 511
117 21 848
104 119 301
105 67 488
1 55 751
55 43 28
89 33 434
80 3 713
79 55 700
6 45 610
102 42 60
61 5 610
80 24 18
52 118 443
92 78 137
2 15 595
92 124 24
120 35 431
111 60 646
46 80 865
30 112 640
90 74 933
9 44 561
48 123 738
38 11 688
70 30 862
110 21 815
45 55 579
90 24 65
50 85 66
34 77 239
32 66 581
90 93 286
119 8 546
120 80 187
113 74 736
55 62 441
45 21 823
103 41 427
8 51 637
88 63 732
42 63 536
10 34 496
121 116 342
87 124 779
45 89 176
8 12 416
82 2 242
18 76 833
43 41 929
16 4 932
60 35 454
118 67 762
106 48 7
125 9 278
100 81 336
90 125 187
64 98 414
42 4 723
28 93 295
53 102 663
55 58 914
47 111 498
119 10 955
18 71 731
97 62 891
47 54 866
37 68 992
98 58 560
19 113 287
62 81 311
30 11 146
108 41 496
7 78 756
114 42 481
106 114 78
25 34 77
68 73 123
38 114 667
79 34 966
55 67 976
100 102 637
116 27 237
34 13 980
88 51 869
90 7 329
5 86 744
33 84 254
1 58 448
103 117 798
32 14 659
18 45 691
72 53 7
9 7 967
106 72 848
107 34 933
4 5 532
110 48 748
94 84 611
21 55 100
125 23 818
64 7 901
124 20 230
102 40 214
67 116 397
117 100 553
55 53 946
3 37 251
71 70 451
36 42 904
113 80 960
35 96 763
112 43 825
50 123 171
86 11 119
61 25 903
51 106 908
105 16 204
46 100 633
89 15 556
54 43 991
48 14 621
11 25 658
116 55 416
79 23 429
46 60 187
3 69 482
2 79 298
63 36 537
59 2 490
29 39 165
29 28 235
121 31 727
6 75 786
85 20 972
31 66 30
112 6 855
98 38 603
45 120 857
38 99 869
5 58 886
68 51 322
98 10 477
69 78 573
48 31 170
104 93 329
32 67 349
36 44 158
56 49 150
44 121 745
95 32 477
62 25 717
37 106 508
101 120 586
25 101 883
45 85 876
26 110 441
50 7 601
108 48 204
100 82 387
59 21 314
41 92 601
32 1 641
108 33 569
78 118 544
101 33 294
13 35 76
105 41 344
74 93 960
122 71 900
45 88 248
63 96 25
113 90 869
125 93 633
67 5 918
86 41 724
121 117 756
69 43 942
95 62 396
105 2 537
92 72 157
35 93 329
103 24 797
109 82 178
16 49 864
94 17 663
32 9 249
79 5 505
125 29 180
76 37 167
90 63 316
110 18 803
72 18 657
110 5 83
58 75 394
65 73 664
31 52 592
76 67 948
100 91 920
54 17 546
7 3 650
90 59 961
122 2 675
30 75 91
36 10 132
25 76 263
94 111 503
108 24 223
55 124 531
42 104 338
51 48 487
117 78 590
78 22 458
43 45 405
34 6 42
35 72 754
11 93 642
71 3 745
80 11 68
27 119 610
85 55 685
67 34 827
85 42 194
90 38 97
119 104 1
51 117 708
20 107 792
45 17 865
23 8 377
12 56 255
102 121 463
48 78 203
38 101 112
7 27 360
58 119 167
77 74 802
57 48 812
16 118 27
86 65 531
6 42 314
53 71 747
103 15 13
55 90 492
72 79 491
60 98 257
43 97 958
106 83 4
33 76 43
108 107 476
5 58 820
71 78 235
57 45 635
42 112 417
107 12 70
3 81 668
116 63 833
103 109 183
16 119 908
13 102 882
64 88 503
52 95 969
50 27 19
38 51 129
5 1 592
16 24 755
39 47 391
39 57 850
62 40 178
50 44 538
38 29 491
102 104 485
117 59 808
34 16 961
33 21 699
6 57 433
50 42 879
5 3 493
101 76 985
31 16 856
5 61 434
56 59 290
19 62 496
29 82 660
80 23 804
39 3 856
33 3 12
59 85 17
47 77 731
120 8 33
91 65 781
13 48 780
75 104 676
39 96 525
96 14 114
41 39 887
120 62 912
1 12 614
26 43 977
113 104 980
7 116 111
73 54 309
66 110 16
65 27 711
84 16 586
3 93 344
41 1 672
119 116 979
92 112 634
102 13 208
5 84 552
38 6 89
16 81 992
24 95 186
112 64 860
122 86 724
52 71 988
29 30 604
13 22 969
109 52 367
36 44 818
105 34 759
48 33 647
4 45 714
25 1 144
95 26 339
61 52 150
18 25 226
29 101 376
99 21 165
25 5 559
32 84 841
70 18 317
120 7 63
97 99 91
72 47 379
15 95 61
67 14 1
17 21 550
4 9 360
103 69 355
28 58 716
46 21 100
46 100 393
92 61 537
13 60 456
118 52 980
56 94 71
94 81 463
17 77 41
44 114 247
32 50 560
64 12 200
103 92 460
61 11 620
78 106 749
89 31 445
55 104 361
62 2 625
65 58 400
121 110 137
112 40 492
9 97 94
119 38 762
98 101 756
57 73 631
54 58 628
5 49 934
101 41 269
102 63 405
70 20 753
110 45 61
55 60 146
74 35 352
106 17 644
54 58 520
9 5 397
16 53 259
39 20 717
1 20 305
60 121 336
80 68 912
50 75 640
86 79 763
22 112 599
37 49 286
91 47 604
120 108 77
117 87 575
108 35 25
86 84 60
6 99 364
116 102 735
3 86 922
12 67 458
4 70 450
97 38 228
85 64 936
87 57 661
58 93 303
10 87 150
85 55 69
100 77 382
98 61 939
87 70 307
93 73 631
37 8 2
125 101 971
57 114 924
87 41 20
14 79 910
12 42 522
88 58 566
73 52 692
15 66 796
39 70 672
29 26 820
107 112 197
72 49 104
14 116 913
103 90 93
101 14 283
84 48 738
7 78 692
113 69 812
40 48 570
118 79 240
12 51 648
53 62 311
95 85 382
79 3 569
77 107 484
89 26 948
27 114 508
101 92 997
98 82 193
15 74 633
13 44 958
79 54 736
69 12 318
44 38 173
96 34 649
26 95 562
54 30 504
18 63 38
37 112 422
37 1 591
58 104 158
86 103 449
63 87 974
109 34 755
97 2 129
65 67 851
10 92 870
17 28 608
89 37 9
81 50 547
119 29 341
8 16 941
114 101 84
118 85 273
118 12 963
40 10 304
30 18 461
11 7 419
65 67 154
78 65 93
107 19 759
77 66 442
64 37 837
20 37 429
84 74 83
20 124 88
63 59 336
105 16 140
89 45 664
42 52 271
75 107 745
37 57 970
53 49 159
79 23 594
103 98 710
106 68 395
120 97 290
120 88 699
1 33 57
102 75 349
62 55 691
21 82 273
71 52 760
25 42 630
67 49 292
32 102 145
121 61 421
53 57 693
13 75 95
68 47 540
113 14 326
125 89 424
30 94 469
107 35 716
31 115 905
58 49 827
115 95 168
14 87 951
24 13 669
46 83 349
107 113 757
90 102 770
86 58 530
119 102 586
82 94 869
109 61 739
115 123 122
98 123 583
69 33 56
59 75 244
80 106 670
79 81 962
90 29 413
58 46 421
17 28 984
51 23 391
100 106 788
22 84 299
40 92 39
78 52 823
53 35 129
93 14 924
90 85 695
65 31 348
68 20 800
30 120 67
125 15 572
38 54 136
114 74 707
125 42 217
65 107 114
105 39 234
30 76 145
2 1 798
19 105 747
86 48 434
113 36 340
118 103 302
79 73 562
124 114 153
86 102 411
14 32 331
19 69 272
94 35 81
32 102 521
111 2 964
37 48 250
80 54 119
25 80 709
1 65 92
59 100 556
80 25 586
13 106 952
35 125 153
69 120 953
22 40 511
67 97 685
9 74 783
15 17 827
93 75 600
113 67 282
100 72 348
68 86 66
107 46 32
72 21 194
11 110 919
108 1 808
117 61 990
2 28 742
32 97 769
101 33 485
77 65 784
86 7 392
16 33 953
115 63 460
33 118 71
71 45 678
59 121 978
6 95 393
122 48 326
1 87 924
45 72 845
12 96 435
78 101 394
68 31 143
6 124 47
85 61 143
77 81 391
73 49 330
71 44 160
16 107 471
116 121 640
93 29 618
35 48 188
4 15 140
26 119 290
18 86 588
77 23 800
8 123 196
107 10 701
41 96 631
81 46 725
114 90 286
123 31 918
103 120 524
44 122 73
105 36 29
111 69 468
88 112 721
59 76 925
77 53 800
42 102 39
106 33 348
60 99 795
13 67 969
44 67 258
78 19 459
38 85 575
117 102 199
79 43 641
6 24 997
51 105 889
110 81 474
40 88 268
99 124 887
125 110 430
39 27 722
6 23 479
75 12 660
17 53 867
36 115 847
19 52 670
42 4 648
11 8 321
17 90 641
50 33 645
40 77 496
28 1 402
96 22 157
76 122 391
114 6 133
29 62 237
41 77 55
36 19 506
10 63 842
30 96 704
87 19 371
5 85 993
27 70 858
19 59 686
103 72 967
32 36 101
67 40 782
99 16 320
52 12 331
116 58 559
107 105 267
53 65 305
93 29 297
54 70 939
49 5 182
95 51 494
34 67 202
55 92 621
65 29 491
58 42 316
100 17 639
91 4 333
63 100 552
2 65 622
30 31 965
115 32 21
25 42 364
85 6 128
42 27 133
9 37 17
78 45 420
75 25 561
6 79 225
110 39 853
70 66 954
25 92 895
123 98 250
48 40 357
121 31 168
34 3 725
38 63 266
55 52 525
9 62 491
28 67 230
18 112 683
63 65 571
116 97 96
90 9 84
101 5 478
66 114 838
31 98 591
6 22 751
12 65 238
100 57 172
67 89 340
88 36 539
89 66 362
103 7 460
43 74 868
40 102 3
68 9 705
5 52 108
109 81 428
86 39 264
48 124 714
76 4 788
37 112 437
93 36 797
14 65 572
125 83 891
61 70 318
20 105 77
68 63 15
7 86 665
5 39 677
88 107 432
119 41 703
60 114 256
86 35 801
36 77 139
34 26 819
67 27 239
74 67 11
100 113 551
111 85 588
94 34 502
101 24 157
20 101 200
15 98 550
95 96 710
99 116 593
66 11 527
11 69 494
62 26 113
17 57 398
104 73 541
59 121 241
34 37 540
46 67 407
95 107 990
43 97 962
67 45 121
107 38 356
121 48 726
71 14 712
23 29 682
113 64 391
115 1 363
124 29 98
20 78 458
105 17 97
85 29 218
62 69 991
36 4 926
101 52 619
55 8 965
51 120 447
27 39 553
52 37 968
40 32 111
46 17 10
39 124 615
42 95 309
6 65 665
123 125 718
101 28 117
51 107 104
82 43 478
88 111 634
92 43 441
19 60 454
45 68 473
4 12 515
112 19 987
18 8 560
63 69 210
21 104 117
110 1 653
85 92 637
97 109 299
14 89 207
30 21 453
35 125 155
25 20 293
42 14 370
32 11 233
103 91 617
115 91 777
25 79 644
48 66 586
116 80 507
116 25 571
39 110 814
118 58 251
61 47 26
71 61 382
101 35 412
19 37 685
94 41 261
77 108 483
83 27 981
120 76 154
66 46 385
123 76 34
111 97 398
84 109 121
123 38 681
75 58 402
61 115 318
122 18 678
34 62 289
32 91 848
120 124 696
53 113 669
43 93 239
50 103 744
58 92 110
31 56 369
20 61 614
124 29 837
82 61 386
47 26 126
97 120 154
25 54 132
2 83 814
15 68 312
92 105 998
117 108 383
18 43 112
78 72 166
25 125 722
66 74 931
64 41 612
110 106 412
100 68 82
7 21 833
53 89 675
2 48 833
70 10 335
8 56 157
77 96 512
60 52 614
56 101 212
71 56 764
32 20 634
7 10 78
47 48 19
77 107 112
59 103 777
16 25 164
101 123 204
107 79 119
123 44 313
49 59 286
33 68 857
103 110 201
10 57 420
37 100 979
115 40 302
31 66 265
43 36 81
101 124 284
14 13 547
111 30 841
91 4 201
101 22 273
106 28 864
66 81 287
56 44 967
78 75 985
22 64 791
43 100 510
68 124 685
53 85 165
8 102 515
25 1 645
82 4 191
117 47 399
55 119 218
37 76 514
26 46 126
25 123 113
99 82 905
1 35 186
44 77 35
16 11 508
18 118 891
108 7 317
33 11 299
6 90 669
26 90 317
102 79 487
24 106 758
36 40 917
40 5 864
13 104 61
106 87 23
119 50 28
96 64 812
61 2 362
92 117 795
35 20 746
72 62 801
81 88 817
94 31 783
9 99 483
102 108 262
26 17 81
105 106 708
17 31 547
47 94 97
44 38 56
16 63 122
27 110 622
26 31 918
8 60 652
105 71 872
117 31 0
95 110 150
26 23 276
124 46 173
61 112 247
69 7 473
71 35 973
109 30 223
13 63 652
118 119 437
55 40 409
43 119 226
36 24 23
36 101 472
111 45 34
26 6 982
78 79 312
17 32 260
56 66 873
29 111 736
91 101 631
82 68 323
102 117 445
32 1 192
30 37 852
101 25 21
35 113 226
123 5 451
106 66 569
122 125 980
83 81 531
116 115 882
23 57 757
40 86 37
3 102 707
33 22 847
107 76 479
29 57 634
86 70 639
116 36 895
25 50 337
79 24 298
71 87 829
53 65 925
14 34 298
106 3 499
34 90 806
55 46 186
21 74 911
66 20 642
58 26 992
38 98 342
64 18 841
124 102 77
16 24 627
123 76 236
39 71 620
49 8 403
27 84 837
41 27 463
117 74 803
41 76 584
2 109 238
48 64 395
83 16 886
4 81 806
119 28 604
71 1 250
68 85 139
114 81 593
36 17 746
21 85 753
50 118 480
40 81 672
112 57 329
51 108 439
39 101 741
13 78 531
51 38 380
50 110 23
121 56 444
109 27 398
83 15 674
67 22 381
63 54 601
32 75 530
62 17 658
63 89 70
76 34 577
86 69 790
13 11 827
103 13 723
25 51 534
125 72 450
39 104 234
103 65 95
9 4 715
41 93 254
89 19 883
10 84 153
84 34 340
100 112 677
61 31 192
49 5 481
73 94 761
9 66 253
124 79 176
120 112 510
119 24 861
98 114 204
125 92 176
103 34 85
47 113 286
103 25 36
37 71 709
119 72 794
66 30 487
22 41 336
77 5 128
95 46 799
54 49 24
86 71 31
113 109 283
28 35 190
32 99 698
28 21 292
53 77 964
91 120 965
109 118 17
69 37 262
87 14 689
44 96 65
103 35 579
8 16 879
56 84 423
34 72 858
97 60 129
113 26 369
76 56 362
91 88 114
120 73 760
90 98 455
52 111 477
73 33 848
12 35 954
23 79 76
103 118 361
9 124 971
119 29 292
45 24 256
81 20 555
84 30 301
29 24 512
82 93 569
122 86 154
68 25 948
70 78 458
79 119 361
124 36 182
118 38 270
105 99 318
11 104 424
37 100 618
59 49 826
14 22 6
21 94 157
60 30 26
68 70 317
94 25 510
52 98 147
90 42 923
37 60 667
71 107 876
76 31 35
41 33 40
45 52 223
78 9 125
78 91 689
22 44 838
26 31 544
97 87 342
100 56 87
62 80 527
13 108 344
96 95 259
48 3 332
45 21 994
55 120 553
101 70 50
111 98 304
60 55 217
27 29 444
81 50 164
86 13 644
114 29 350
28 49 154
56 103 381
23 11 254
82 43 185
36 46 576
29 51 348
49 27 871
69 42 177
56 37 966
92 32 447
11 123 921
56 40 217
38 63 136
86 34 824
55 52 395
72 54 333
25 5 244
105 110 65
5 22 15
62 16 905
107 15 499
16 63 232
92 117 797
43 89 861
6 110 212
56 87 800
48 19 410
96 19 748
116 61 164
53 106 202
89 13 305
94 10 618
96 37 280
50 56 851
8 77 298
42 15 248
38 93 900
37 122 766
38 2 489
121 89 113
18 13 156
15 43 242
121 24 132
29 108 319
89 48 834
11 60 339
114 105 721
106 25 678
113 11 826
73 86 830
76 40 823
119 14 332
42 92 444
63 125 683
121 88 948
18 23 443
1 75 865
98 103 500
1 33 868
3 71 70
17 4 257
85 91 81
33 76 25
17 32 504
54 81 394
75 26 520
66 82 48
123 47 571
75 3 802
6 15 994
109 71 131
83 16 525
83 84 925
3 41 433
91 105 472
21 52 215
15 90 838
102 123 396
98 15 629
10 28 810
86 121 54
59 108 414
8 82 496
64 71 962
79 57 598
87 111 824
109 99 206
81 48 806
35 115 371
58 17 127
101 89 263
74 7 580
75 81 819
8 79 346
16 7 433
30 62 119
113 23 502
7 63 146
116 55 600
69 12 3
107 15 191
77 55 918
104 4 795
92 78 497
26 1 319
125 16 157
35 85 505
33 22 165
77 42 575
51 8 89
71 34 550
68 80 147
5 3 488
57 104 405
101 43 803
39 2 212
3 104 744
65 17 190
77 75 873
92 8 559
54 105 80
19 47 627
35 1 669
122 15 826
29 114 55
17 30 891
15 2 162
113 15 516
17 46 347
68 92 507
65 70 403
14 19 139
98 111 713
5 54 776
24 79 345
28 80 740
63 99 201
71 73 491
77 90 484
99 57 622
91 89 207
102 52 424
13 116 249
109 24 408
60 87 65
49 56 529
91 41 166
114 40 553
3 95 119
96 55 123
90 55 138
120 41 568
72 63 76
54 25 716
88 109 282
77 3 838
104 71 178
16 34 538
49 51 720
41 45 13
43 108 124
51 13 809
86 60 140
84 114 348
118 60 35
102 119 198
45 5 555
19 27 644
9 115 948
16 90 2
9 65 309
47 25 646
78 105 398
5 29 449
2 111 638
8 41 830
50 64 864
66 30 502
39 24 468
118 93 683
72 101 960
96 13 196
91 5 239
49 111 720
67 108 920
83 52 237
65 52 92
109 46 129
11 60 757
8 28 194
59 46 931
121 36 826
107 124 55
111 94 346
41 58 611
66 88 978
69 70 575
115 94 287
50 35 405
110 87 53
104 6 304
12 42 154
61 115 914
27 97 483
34 64 581
101 98 919
2 4 875
29 43 96
81 12 679
81 117 732
111 63 70
50 122 939
28 121 312
80 25 500
57 113 38
71 111 354
88 22 137
11 90 612
1 118 54
25 100 265
71 110 358
19 9 966
120 81 612
39 58 41
13 4 518
123 47 881
75 15 412
76 26 43
48 120 505
102 110 875
45 31 516
72 95 912
67 81 776
11 29 494
117 68 449
16 19 848
15 77 499
28 8 677
23 100 621
110 25 706
107 58 185
91 72 605
5 29 946
23 82 725
48 12 275
125 15 633
103 100 133
49 12 70
106 68 940
121 4 984
40 36 60
90 27 606
55 88 91
90 73 722
108 62 220
51 45 453
55 10 400
33 38 177
3 47 507
105 108 637
124 96 695
37 85 809
64 56 977
45 106 945
91 87 108
115 57 313
35 45 514
16 53 980
36 32 134
59 63 671
61 62 767
124 97 516
22 76 458
109 96 689
64 16 531
118 23 316
61 73 367
48 112 990
106 57 656
8 27 479
27 30 108
34 109 447
2 118 575
92 86 294
57 101 417
9 24 434
113 106 5
50 15 448
32 29 201
68 16 822
51 111 123
68 92 588
83 42 796
47 49 829
44 51 995
26 43 235
60 3 785
103 18 295
104 68 177
16 9 778
58 100 811
76 124 940
63 13 858
5 112 165
48 47 729
101 97 544
4 81 784
8 11 834
123 43 683
28 109 825
66 82 50
39 13 256
110 55 156
16 125 27
121 99 442
7 88 596
85 86 89
87 103 400
35 100 826
47 40 470
8 10 730
80 7 831
104 78 649
45 41 788
49 87 165
105 65 269
76 6 143
51 47 888
88 23 646
94 46 626
116 7 548
73 113 510
78 2 287
64 52 456
101 46 676
4 120 910
80 1 908
56 35 964
17 41 689
116 30 424
105 121 147
110 35 833
100 121 502
66 81 225
105 120 447
80 98 144
111 34 605
112 4 322
39 4 920
98 114 771
65 86 925
88 38 149
52 54 497
14 34 665
121 71 46
93 9 817
108 97 377
18 106 711
85 106 407
123 47 949
41 117 602
2 81 614
6 123 905
39 74 733
36 68 809
72 67 817
82 50 487
30 40 725
83 3 789
41 46 254
49 81 238
63 96 198
5 40 614
72 26 412
104 41 325
6 115 613
113 74 51
37 104 648
11 18 386
23 11 445
67 29 401
9 122 940
118 29 711
118 120 75
13 47 380
117 93 523
3 37 934
110 119 614
66 104 319
108 19 39
77 28 897
72 99 1
51 109 169
49 62 201
101 70 483
35 64 824
63 43 550
19 25 415
90 83 323
107 22 693
64 89 404
44 27 757
96 105 713
10 77 396
21 102 669
70 36 102
21 50 250
59 63 860
19 26 128
114 121 89
11 39 579
54 38 670
68 47 469
105 6 670
94 124 93
54 1 751
121 36 707
82 9 44
112 111 248
27 61 778
118 97 575
75 116 470
68 112 719
102 4 640
16 10 775
89 24 897
23 80 655
75 62 126
55 94 20
114 99 343
98 89 635
71 109 647
123 52 46
17 91 215
121 40 425
34 39 819
88 110 885
4 45 377
30 16 168
17 24 161
20 109 903
121 108 559
67 43 15
41 79 39
78 32 221
104 47 199
113 94 89
71 119 998
96 11 781
17 112 624
80 38 212
106 84 752
1 101 641
45 110 690
108 68 657
95 20 897
4 16 736
104 112 944
44 16 385
57 63 798
28 121 206
101 104 978
46 109 815
70 16 994
116 65 557
93 33 61
99 67 775
64 39 33
41 123 287
44 40 634
21 40 517
78 74 645
5 103 483
3 72 324
49 115 803
67 30 439
14 90 773
74 105 892
105 109 97
93 82 303
53 57 72
36 57 217
30 71 130
69 44 227
91 58 564
49 50 714
6 38 448
94 21 475
75 65 369
117 50 6
32 83 305
124 120 381
43 30 514
41 101 891
31 73 408
50 115 375
30 5 799
47 52 214
1 60 720
107 36 791
36 34 704
1 71 91
45 3 711
116 123 228
32 20 77
40 106 521
3 63 345
25 91 5
75 121 506
48 88 406
40 72 119
58 42 445
57 93 299
41 66 947
81 61 252
122 64 320
39 23 583
52 11 63
84 20 706
62 114 905
79 65 575
125 34 351
100 125 688
20 42 649
21 92 36
96 54 988
120 69 175
34 101 157
87 98 109
58 26 743
50 46 150
2 87 567
16 58 255
28 47 838
57 121 603
105 75 596
98 20 614
59 120 402
104 102 56
60 56 125
72 52 896
34 115 442
54 36 800
26 3 286
4 96 421
78 70 555
79 115 180
112 13 936
24 2 265
116 96 875
115 110 167
34 58 995
52 76 555
109 54 949
33 5 499
51 1 882
70 68 95
63 117 809
55 120 478
97 60 551
84 60 360
22 65 943
61 73 745
8 39 157
82 98 46
24 7 851
79 23 604
27 40 908
62 55 930
119 96 768
60 101 904
99 39 233
69 98 973
107 58 939
76 93 679
73 97 918
47 30 255
62 92 704
37 40 639
1 87 653
95 125 601
36 120 49
111 24 707
18 115 934
3 71 558
34 108 657
64 123 459
54 22 73
117 122 742
72 89 336
61 14 528
65 36 810
118 98 413
83 43 850
111 59 785
48 70 44
8 83 297
102 56 938
117 111 445
108 28 545
110 80 591
82 31 355
114 10 251
33 4 236
44 65 988
68 94 988
20 63 279
44 30 738
34 97 23
54 57 538
80 52 686
44 92 569
116 21 969
67 6 379
4 17 746
100 61 624
20 117 929
62 112 901
50 2 782
108 98 92
39 124 973
71 15 554
53 24 192
60 14 638
67 30 628
60 52 341
14 112 684
38 30 260
113 89 526
62 41 95
86 37 147
73 7 317
50 40 148
8 46 778
11 50 47
22 113 326
10 32 908
94 92 194
67 48 803
85 53 653
9 1 544
118 78 201
79 46 159
35 62 228
61 97 121
115 32 326
24 9 468
74 3 558
123 38 568
99 16 49
42 80 35
16 102 353
123 49 168
30 35 867
45 90 374
51 38 762
53 89 657
87 29 451
34 119 387
80 107 998
55 54 647
1 74 699
20 50 312
17 121 83
14 50 61
36 21 28
79 47 222
79 16 643
113 56 604
53 6 514
57 94 797
53 96 673
63 102 61
25 61 143
48 25 367
100 40 244
100 7 67
110 3 696
45 101 216
42 86 213
65 18 448
86 101 279
9 18 443
61 18 864
72 51 675
53 27 694
34 8 303
9 25 338
81 14 342
86 77 43
32 78 82
101 19 105
44 60 373
107 50 874
31 125 719
97 89 152
54 65 872
107 98 127
113 20 371
26 101 717
40 73 78
95 22 824
15 44 84
29 121 922
30 96 580
72 96 983
93 10 39
70 117 927
14 4 429
114 76 51
30 87 881
5 23 75
104 76 205
83 125 72
101 27 467
89 15 920
21 19 231
75 69 652
75 31 131
42 89 995
57 122 333
61 97 739
68 11 106
47 81 554
1 123 644
58 24 323
36 73 271
31 115 623
15 119 96
19 17 807
71 30 840
121 86 384
121 77 793
56 14 278
116 34 549
69 57 986
44 114 154
71 88 966
79 66 732
81 15 4
85 107 995
50 62 888
4 107 465
2 103 93
59 38 80
106 121 137
111 117 831
97 114 814
80 27 805
106 70 845
114 9 131
44 10 339
69 74 643
95 92 626
55 25 806
50 88 136
70 44 266
108 52 44
6 1 396
11 12 520
63 99 502
79 96 35
116 99 812
75 71 687
80 53 282
86 90 334
6 103 794
98 60 675
90 109 783
30 73 275
23 29 532
103 22 930
97 94 296
26 18 290
71 3 854
44 91 425
39 79 830
72 105 374
33 8 786
48 62 247
67 68 520
85 28 139
115 116 92
84 37 15
35 109 637
57 20 553
91 54 527
2 110 701
99 61 907
81 72 914
74 18 978
44 50 774
80 100 784
71 44 225
75 66 706
19 39 16
105 107 671
35 120 358
120 37 238
68 44 83
79 91 993
78 96 694
106 12 462
79 6 360
41 27 566
31 34 535
120 48 252
85 13 517
58 41 706
103 23 656
65 95 90
3 60 718
71 82 988
17 78 683
107 59 254
68 56 214
47 38 778
40 86 395
113 85 555
76 96 40
63 54 354
11 30 886
43 52 664
98 25 10
97 116 983
45 100 288
71 55 481
1 32 598
34 110 648
17 9 704
84 83 386
40 101 87
95 72 592
93 63 105
118 61 291
77 58 512
105 44 456
70 116 235
49 112 468
117 124 632
87 49 302
33 69 354
118 10 181
53 13 985
110 14 899
61 116 807
41 124 754
66 32 946
14 58 87
68 81 405
73 99 821
87 99 15
38 70 493
121 83 168
96 9 926
86 88 246
115 96 610
85 43 355
50 83 652
9 115 807
90 124 598
94 111 304
26 112 957
89 51 645
47 50 333
120 24 500
26 77 670
70 51 469
57 94 302
57 49 825
46 68 968
60 121 56
62 19 712
123 15 38
102 85 486
9 64 589
60 12 5
32 70 773
80 38 645
97 63 301
104 105 987
119 21 972
54 105 328
53 33 135
54 71 717
93 45 841
21 39 604
117 19 992
68 110 395
95 87 458
66 84 610
111 30 341
46 14 866
49 28 823
9 31 654
11 102 855
112 63 343
69 112 966
22 103 219
66 25 151
12 36 878
12 36 649
122 108 568
71 3 680
34 86 909
125 46 647
120 115 873
6 107 631
104 25 418
65 2 493
77 115 617
16 92 835
44 75 364
113 53 480
121 53 722
68 122 876
49 67 791
83 22 243
120 90 412
50 100 564
62 59 221
94 83 739
58 112 62
4 79 955
89 9 98
68 72 129
14 92 410
40 64 18
111 117 336
4 97 716
34 20 689
26 122 536
40 65 657
10 81 761
65 18 450
54 34 6
75 106 173
77 83 45
4 25 961
1 24 533
2 52 656
91 119 818
101 7 807
65 72 807
97 113 740
63 47 406
123 55 176
27 33 144
27 2 565
103 106 722
26 46 2
81 108 100
4 17 440
67 120 589
61 2 346
90 23 773
71 7 882
99 56 765
37 102 527
115 41 874
18 107 83
51 77 802
1 79 482
83 21 246
43 121 566
55 112 27
16 98 208
104 64 907
8 35 458
113 105 228
93 18 696
17 56 295
28 66 624
111 93 197
102 82 1
74 66 66
83 118 34
66 10 875
117 66 988
106 84 998
3 77 672
67 109 965
25 29 44
46 101 298
86 36 784
38 68 596
104 116 666
110 109 302
73 114 524
44 10 99
122 109 485
41 99 994
17 115 13
78 120 822
12 123 983
31 123 112
78 23 889
61 29 354
111 40 842
29 97 822
44 84 398
65 41 665
37 57 595
38 93 666
90 19 613
124 117 868
65 117 660
48 4 928
82 71 726
56 6 698
56 107 750
104 4 172
97 116 367
58 31 957
33 57 546
87 121 902
83 8 791
81 64 433
74 5 153
12 125 655
15 117 186
31 42 281
8 116 113
6 54 288
25 100 876
94 36 90
111 40 855
8 4 545
98 103 374
56 40 817
50 55 863
10 62 992
114 120 435
108 72 634
122 80 561
106 103 714
36 17 367
90 112 790
22 10 2
43 29 306
82 101 618
97 63 719
82 57 23
29 58 439
7 87 997
17 22 40
70 122 430
60 88 189
125 110 350
15 12 348
30 97 984
24 27 434
19 12 289
80 119 126
51 56 314
6 90 345
34 107 97
67 28 342
111 100 101
4 75 366
112 81 953
37 87 958
66 37 687
60 32 674
64 86 141
29 76 321
105 101 185
86 117 159
124 61 410
124 1 130
109 62 427
51 23 258
97 11 276
25 74 139
120 75 990
92 16 190
53 86 456
117 113 671
100 36 825
42 83 753
18 20 301
42 27 858
86 122 624
10 45 75
84 8 955
16 1 906
96 71 999
115 114 411
63 124 937
99 123 982
3 8 264
43 101 895
55 90 724
48 69 736
114 2 819
87 89 363
119 95 133
98 108 47
94 67 166
32 116 286
92 45 86
48 18 397
122 123 755
22 18 956
25 63 636
37 107 926
6 25 205
86 80 640
59 40 372
124 33 216
8 121 580
68 54 678
68 12 910
43 41 103
102 20 225
56 108 667
44 65 750
80 7 261
28 124 684
11 114 370
108 117 729
90 11 831
5 37 188
23 22 210
11 70 448
35 85 742
117 11 97
88 97 964
3 81 324
119 122 370
4 35 232
46 62 775
52 33 565
14 107 597
81 71 407
40 125 809
121 72 398
35 96 500
75 25 615
35 114 554
24 76 392
83 95 613
36 33 3
79 20 794
28 10 760
87 99 259
23 79 986
78 71 382
30 37 662
15 31 53
124 95 383
94 41 139
27 25 751
121 3 648
52 76 9
13 63 475
35 64 817
9 44 353
57 5 353
92 95 54
54 23 786
22 84 905
28 1 14
117 87 189
5 120 441
44 59 638
47 51 923
27 30 169
52 79 815
49 123 712
57 106 556
24 79 824
53 71 779
12 118 10
98 94 730
72 125 410
66 6 140
104 27 345
38 107 201
100 15 57
32 69 11
48 89 895
99 73 853
36 89 419
98 62 899
56 90 706
92 118 401
72 34 901
55 114 544
69 86 659
41 78 319
3 42 479
32 25 843
63 17 395
97 50 323
39 3 646
33 46 438
125 94 703
5 59 565
79 17 347
51 113 472
69 11 377
117 116 206
95 53 946
27 88 887
113 83 482
41 43 338
53 118 436
13 71 446
97 49 744
103 64 714
49 115 554
37 7 279
91 48 1
101 120 565
40 91 796
11 97 768
7 104 722
116 99 427
25 83 966
22 82 538
95 56 705
104 94 775
5 1 758
55 38 252
91 71 254
101 31 614
48 70 90
13 125 924
44 83 445
93 104 873
55 6 155
125 70 335
121 39 263
93 63 54
85 76 468
96 6 564
85 120 511
85 46 333
101 119 289
93 37 1
21 33 628
8 81 805
48 90 45
118 84 574
36 28 640
32 57 390
85 57 347
24 15 639
54 112 412
94 106 835
69 30 995
33 15 188
2 43 972
81 123 881
98 22 132
51 18 695
21 99 56
54 16 825
38 39 311
38 25 376
114 21 590
84 110 387
101 96 584
59 79 674
109 6 525
44 113 687
36 102 868
23 118 511
74 75 359
118 23 311
28 61 753
90 89 940
3 49 174
91 4 684
77 16 598
79 111 334
13 7 369
94 18 412
74 45 601
52 36 113
82 11 943
112 14 387
105 7 297
61 1 644
1 14 839
8 41 759
100 120 566
57 74 134
22 3 217
117 105 823
38 63 846
107 76 573
70 89 13
59 94 221
48 89 600
83 80 265
88 7 297
123 4 858
18 30 214
30 29 731
78 14 37
4 89 253
51 119 359
102 42 270
71 116 385
82 121 333
7 73 162
87 120 507
63 60 699
107 4 333
72 74 126
90 42 733
60 39 824
62 107 871
38 117 570
83 122 504
31 45 944
20 117 425
124 39 532
44 36 843
79 77 941
107 55 126
50 10 812
65 103 201
56 27 489
115 1 230
12 68 607
60 12 209
7 113 476
98 39 165
21 91 325
16 91 909
38 48 978
22 49 66
79 77 15
96 69 955
71 52 174
100 27 485
25 71 516
46 123 532
37 95 568
111 42 74
20 5 89
8 105 975
81 76 232
123 104 647
114 73 472
56 104 133
108 124 125
105 104 619
65 17 295
15 93 678
50 95 761
43 62 43
33 2 412
89 122 166
29 47 924
67 20 415
6 45 41
77 41 54
39 17 746
8 72 811
120 51 890
54 49 936
62 68 474
43 61 959
73 17 527
60 58 516
53 116 821
67 61 79
61 94 234
120 23 912
73 120 66
118 68 432
105 110 238
18 125 143
112 94 573
80 79 115
81 10 887
114 91 367
48 11 988
34 40 663
123 86 969
97 62 188
40 125 932
60 100 122
13 15 958
37 94 426
8 115 763
21 106 248
97 11 78
113 18 881
84 44 101
64 30 987
49 2 303
51 122 978
57 58 891
78 39 903
29 124 729
111 51 512
39 85 583
56 12 812
43 117 291
118 30 274
37 65 260
88 60 400
19 37 807
102 19 378
15 90 877
97 124 786
41 57 141
106 119 486
4 35 718
19 30 996
124 57 520
89 33 362
68 10 545
17 109 739
47 36 923
42 74 977
29 96 495
122 92 978
40 17 486
99 3 759
86 25 506
86 80 213
1 49 985
3 23 697
85 29 19
44 88 307
7 42 651
118 81 454
58 59 284
54 84 757
13 30 518
39 38 605
22 6 303
48 24 256
66 125 978
77 114 517
48 15 207
51 79 597
48 18 212
11 56 352
29 98 29
74 110 868
24 51 834
68 82 555
56 1 383
18 37 648
88 54 840
17 64 578
103 74 882
98 24 928
58 108 418
78 3 50
110 104 875
117 47 387
103 112 127
5 83 119
40 35 610
94 99 929
37 103 110
24 25 673
55 52 152
2 31 722
92 66 202
31 19 972
71 111 822
44 20 391
18 105 536
124 39 963
12 54 753
117 93 331
102 60 354
121 114 853
99 22 367
77 35 708
103 12 660
3 41 861
107 8 711
94 15 534
6 55 676
18 86 149
16 78 499
63 92 129
71 57 828
4 112 802
49 31 696
40 111 847
49 34 176
18 61 92
51 31 286
89 105 819
95 80 259
105 99 693
46 38 475
27 18 792
33 83 590
33 124 591
84 96 104
40 107 58
67 107 142
14 19 541
78 37 936
30 97 612
71 88 33
108 92 217
9 22 759
121 29 233
101 21 412
43 91 88
94 8 773
54 43 785
8 110 474
115 11 315
99 108 733
2 99 559
24 111 298
89 4 871
99 120 972
80 117 704
40 20 597
4 96 174
110 112 553
25 63 22
119 12 164
58 66 918
114 7 441
106 13 438
39 10 235
104 8 2
72 8 929
116 31 647
9 18 20
27 38 760
81 9 888
41 42 561
22 25 624
48 104 358
17 18 676
98 58 46
45 37 653
93 11 97
1 45 167
20 13 185
78 61 501
71 45 857
77 8 550
15 95 121
114 102 920
79 39 301
10 53 516
13 77 160
99 95 295
113 105 140
71 30 404
30 11 692
8 42 265
49 113 673
81 119 443
29 103 980
17 24 211
111 63 122
47 49 371
51 58 485
31 27 380
107 101 594
29 118 443
105 62 611
119 2 347
2 35 361
30 106 3
39 1 606
62 5 286
119 120 73
73 118 33
24 62 674
100 97 960
71 89 997
124 46 900
97 120 802
67 123 825
55 48 317
62 70 122
77 89 757
92 72 72
61 114 754
20 120 566
108 43 17
84 55 667
123 40 893
68 39 253
34 79 136
100 32 134
101 43 910
79 38 826
11 122 895
108 40 658
1 53 367
51 23 854
18 102 64
119 18 304
87 80 934
81 70 806
123 60 471
117 78 263
71 114 20
30 95 537
121 23 497
33 77 221
118 102 190
44 51 792
64 120 398
60 108 110
87 51 438
124 33 691
2 87 254
19 41 673
84 30 973
7 43 795
65 44 349
73 17 879
35 72 440
22 10 974
12 91 336
105 86 112
85 53 756
66 101 126
39 32 332
23 62 902
42 82 356
7 65 409
109 67 225
57 21 180
46 95 30
1 78 386
110 103 788
81 112 11
88 70 289
63 103 332
4 63 991
87 67 846
56 61 814
117 107 172
93 77 651
56 36 232
35 77 467
97 5 945
119 40 402
74 107 381
47 109 932
82 59 788
45 16 649
83 2 402
14 66 697
10 30 281
114 47 918
98 63 216
116 45 758
28 53 595
20 28 777
117 12 140
116 22 976
29 6 604
19 10 531
46 73 634
16 58 318
28 83 595
108 40 458
117 64 717
91 59 703
27 38 10
101 118 776
65 70 899
124 23 995
51 54 943
63 34 43
31 5 3
122 8 464
115 44 923
105 9 655
113 75 181
56 92 382
48 115 376
44 33 494
16 24 912
86 5 283
75 12 773
72 61 203
11 19 142
71 123 821
125 80 785
117 50 916
50 101 182
10 46 665
49 116 379
79 3 429
55 83 780
63 124 888
123 31 347
123 58 709
109 11 389
42 10 697
51 23 680
64 40 632
121 54 683
10 118 891
80 16 921
102 23 582
64 102 958
116 125 955
83 121 712
10 31 599
35 58 25
107 61 603
50 119 249
66 63 357
74 111 596
60 120 404
41 49 348
107 51 36
75 113 666
16 122 692
119 104 789
35 125 321
62 97 306
104 65 441
72 92 710
55 120 917
77 6 22
76 57 105
59 4 90
16 29 356
47 83 692
121 91 820
104 88 694
24 76 343
95 115 955
7 123 563
97 62 366
59 74 684
78 110 490
49 11 409
98 110 262
50 5 217
42 7 775
120 39 818
59 17 271
76 125 252
31 30 398
89 100 702
44 30 935
96 60 470
108 110 222
82 90 85
121 27 525
55 116 528
58 8 807
24 54 8
80 124 170
83 9 739
73 22 257
37 117 76
81 96 485
32 69 70
116 84 633
94 44 566
10 41 242
58 53 405
116 58 351
72 105 840
73 45 96
37 49 322
113 111 711
99 44 332
115 89 455
47 121 421
15 96 698
116 14 429
63 106 876
112 55 4
82 14 453
112 47 823
26 6 530
107 111 934
67 76 473
60 59 783
109 25 366
14 109 704
25 111 27
84 88 833
35 38 297
59 67 347
52 88 912
105 113 659
89 8 954
108 25 891
16 35 604
59 91 475
14 74 831
67 8 194
32 23 88
75 84 179
17 123 47
92 5 946
71 80 11
15 10 671
58 59 354
23 43 20
16 8 97
67 69 591
105 25 667
89 39 159
100 94 893
61 113 383
29 63 630
24 70 207
56 80 561
93 105 218
46 78 470
69 17 577
118 37 50
99 87 247
27 10 487
43 92 34
98 30 591
99 44 816
44 114 83
109 89 219
20 87 512
36 22 275
21 92 880
119 114 997
96 75 723
59 17 889
125 105 846
65 10 525
21 3 808
114 29 527
3 13 856
119 21 954
11 13 28
22 100 893
34 75 719
113 25 791
125 107 811
62 13 771
14 119 829
12 37 469
76 40 395
81 53 467
14 75 493
115 29 184
92 26 321
20 112 582
39 110 96
46 125 945
35 9 201
118 15 654
56 71 875
52 109 408
71 10 436
109 106 815
56 82 741
92 41 40
86 124 665
109 98 402
96 5 640
39 123 745
78 73 542
7 33 688
113 52 641
82 4 612
62 67 495
50 110 618
59 69 624
104 88 870
50 82 492
98 81 784
102 68 490
100 79 853
75 33 566
119 51 149
95 72 266
45 67 495
119 33 280
112 46 105
58 30 500
66 37 614
57 81 88
122 36 431
69 97 545
82 35 433
31 106 182
114 5 775
39 25 536
39 75 128
27 85 340
69 17 27
10 79 697
85 109 262
35 20 349
49 51 842
10 82 739
27 43 343
64 76 999
111 98 978
124 39 470
72 6 953
56 34 430
34 122 803
25 70 253
41 122 210
78 104 376
64 71 776
32 43 782
69 32 429
119 43 688
2 17 573
8 121 615
42 18 39
92 7 539
48 49 721
90 108 449
13 92 727
42 96 632
2 65 469
48 31 34
120 41 235
83 62 818
45 98 558
105 122 305
32 84 382
123 70 587
3 58 25
117 5 381
93 30 796
121 28 269
2 16 176
45 44 968
3 43 427
38 67 232
79 26 523
98 81 342
83 21 349
69 121 110
83 114 311
73 80 508
42 80 637
65 102 277
21 114 344
10 113 428
105 99 563
118 5 301
107 5 202
24 36 799
113 95 30
98 120 576
68 73 42
122 54 945
49 59 749
53 20 112
95 113 656
36 123 678
80 79 979
89 57 281
85 64 464
27 105 442
18 39 186
73 5 576
58 90 122
53 25 348
5 114 991
35 29 787
52 73 685
42 81 700
61 78 349
21 67 245
6 35 28
1 39 125
21 6 6
10 15 778
6 36 896
13 110 891
106 13 187
112 17 557
110 63 302
49 39 524
102 96 136
91 82 368
58 20 901
88 50 684
50 73 256
11 9 206
23 9 453
96 77 800
47 18 444
55 25 911
41 82 877
110 18 909
92 111 46
9 39 996
70 106 468
77 7 892
52 38 825
8 24 290
75 31 841
86 88 780
98 67 675
79 73 48
51 119 581
89 96 464
27 17 813
29 55 15
33 58 254
41 122 23
80 57 169
36 39 875
14 98 33
18 2 495
6 57 42
112 95 237
82 94 839
91 108 639
116 104 456
76 36 182
122 17 99
53 74 91
36 121 311
94 43 717
108 26 230
124 16 541
46 115 688
61 14 380
44 47 702
115 14 980
105 62 481
64 107 488
23 16 51
77 121 495
98 9 50
71 120 217
61 50 195
7 68 174
23 63 247
21 32 88
19 99 939
113 25 646
96 66 650
3 116 839
101 66 269
70 66 398
30 81 351
23 29 784
60 119 836
9 100 914
16 116 329
62 29 755
66 70 54
113 94 372
96 6 720
61 92 205
98 96 705
21 22 689
99 58 474
23 109 950
66 95 287
77 122 363
30 121 371
112 115 644
33 123 384
4 36 787
16 120 173
36 82 221
50 77 181
37 119 166
22 88 94
6 35 296
34 72 136
38 40 598
25 75 361
44 63 816
54 116 965
34 41 566
36 93 580
51 103 462
43 105 464
42 91 13
43 72 513
6 37 960
58 96 807
16 78 709
19 86 529
87 125 852
72 106 415
7 106 477
2 79 241
26 116 895
5 33 835
43 61 680
39 54 159
21 81 745
22 115 671
11 58 60
52 92 689
60 120 886
65 82 495
82 110 123
9 46 76
76 92 30
2 5 831
57 117 674
6 7 21
6 75 857
104 106 924
73 97 359
63 104 699
21 51 349
12 52 216
61 101 619
7 100 877
4 52 755
86 103 14
53 86 875
3 43 264
88 118 273
55 106 982
15 57 931
33 93 898
100 104 204
92 104 450
47 74 452
10 107 534
16 92 147
56 113 246
9 20 214
46 49 790
6 67 110
3 86 8
63 115 194
36 43 850
56 119 45
41 88 682
50 53 173
53 63 519
69 91 989
31 57 121
3 20 401
19 117 141
12 33 323
63 120 782
11 27 460
12 15 293
2 81 55
32 91 45
62 72 137
21 70 925
8 62 994
26 47 209
90 116 335
87 112 942
57 92 178
14 100 373
51 69 214
55 111 436
39 60 236
37 78 916
75 81 762
46 87 394
9 17 476
27 54 558
65 82 165
21 60 331
48 109 217
30 100 46
2 80 312
27 56 967
119 120 721
35 83 931
59 94 399
5 96 664
24 45 732
14 77 444
18 41 267
21 38 739
69 114 314
77 86 238
34 87 783
62 114 959
42 119 637
6 35 192
56 102 481
67 87 339
7 12 980
50 87 383
20 95 28
53 66 222
35 64 654
19 115 749
84 98 554
51 82 100
50 97 878
24 35 92
77 81 479
99 115 244
32 74 438
8 92 712
94 109 269
90 111 416
10 99 227
15 69 340
54 118 659
17 118 936
71 113 518
27 53 405
38 104 761
32 101 712
52 109 80
16 114 88
8 57 574
113 118 531
2 59 989
63 110 435
16 91 525
16 39 945
44 87 445
8 44 555
87 117 456
98 123 701
8 55 176
7 88 650
23 54 178
20 86 850
42 103 608
92 103 562
28 31 379
103 115 222
18 36 857
23 27 984
40 125 798
36 100 302
58 106 117
87 124 488
64 106 190
45 63 824
10 112 624
23 115 123
70 106 234
88 118 715
30 82 247
61 68 764
36 73 104
13 76 583
20 114 41
16 118 190
30 123 394
3 63 803
53 91 950
49 71 79
17 25 409
63 96 205
16 57 262
16 74 351
53 78 186
37 102 566
64 123 500
14 101 348
37 62 231
31 40 876
48 101 790
67 121 125
94 96 158
41 96 490
11 112 473
57 88 168
66 77 279
100 102 67
