50 1225 94 33 50
29 11 702
32 9 820
26 11 103
23 5 130
11 37 253
44 48 828
37 43 519
20 41 296
23 50 290
46 26 341
9 35 259
2 29 965
8 16 221
21 17 210
5 36 219
9 42 56
30 32 561
12 3 601
38 3 280
4 45 673
46 21 91
48 23 183
38 16 478
3 27 380
29 22 609
5 48 476
8 16 95
20 21 686
4 46 256
8 46 19
19 8 775
49 23 82
13 45 193
44 15 515
38 19 260
7 43 656
15 40 8
50 42 985
22 16 757
8 21 438
7 31 520
33 14 793
39 41 4
39 24 738
6 49 382
37 18 350
39 9 191
5 24 240
2 18 783
22 37 407
32 2 623
15 43 436
12 8 189
5 48 844
32 29 658
50 13 316
38 33 288
34 40 508
5 21 607
26 19 452
9 22 329
37 5 87
50 36 528
8 17 845
20 3 767
6 29 817
12 30 311
3 44 526
7 39 663
13 45 161
33 22 509
14 27 245
46 22 706
5 12 387
1 43 726
23 6 647
47 36 194
44 47 570
24 23 110
24 11 810
43 50 164
20 45 620
24 17 890
45 16 789
20 21 34
31 23 987
31 2 537
24 39 621
3 5 463
21 8 125
50 45 231
18 40 214
25 14 360
19 36 203
37 46 398
39 23 103
33 48 902
35 36 193
2 25 320
27 9 357
49 15 923
48 24 938
19 50 26
30 49 366
29 47 233
45 31 944
42 12 803
12 27 692
29 42 127
18 3 322
26 42 193
27 43 535
44 48 665
7 1 101
40 10 230
20 11 608
44 1 980
5 3 50
5 40 188
5 26 290
50 12 593
30 17 818
41 49 544
32 23 448
27 31 646
34 23 23
31 6 628
32 39 136
29 9 898
37 40 457
3 35 36
4 36 870
27 28 491
13 43 384
37 45 810
18 41 955
19 47 598
46 39 632
5 33 185
21 20 67
2 1 83
15 49 74
42 45 939
37 8 519
1 5 38
26 30 568
12 10 998
29 35 663
39 6 692
10 33 323
38 1 866
17 42 284
36 9 548
21 28 452
33 45 352
40 20 382
42 30 29
32 11 442
6 13 49
26 39 918
9 46 667
15 32 780
16 11 522
17 36 645
35 31 374
44 38 695
15 11 568
45 12 553
28 8 44
36 39 957
15 7 454
18 21 554
45 11 188
28 22 863
29 28 744
25 35 364
4 31 359
21 23 67
26 35 4
13 22 670
14 48 541
38 8 226
34 38 838
14 49 985
18 39 626
29 20 889
33 4 328
47 8 588
41 9 587
49 11 852
42 37 432
46 2 174
28 19 821
25 1 407
49 50 852
46 29 48
16 42 975
35 32 814
39 31 609
6 38 357
47 38 476
12 29 206
16 12 943
37 16 719
26 48 464
21 19 227
42 24 358
43 46 264
19 36 552
21 36 554
46 9 353
40 47 187
50 29 245
27 40 199
36 24 945
17 24 504
29 46 272
7 17 709
39 14 394
41 18 775
13 11 907
30 29 648
21 25 819
13 41 32
20 19 723
42 10 572
26 46 274
10 37 445
27 41 29
50 17 621
15 37 584
26 43 259
46 47 64
41 34 230
15 20 653
19 33 784
32 15 277
42 9 216
45 9 78
40 27 259
19 16 960
29 33 701
48 13 746
29 22 283
6 30 986
24 27 488
37 26 926
48 1 381
42 25 80
16 12 947
33 26 185
39 25 798
27 31 393
45 33 956
32 10 463
2 42 348
3 37 192
6 9 172
8 10 795
44 20 816
19 34 366
7 6 48
10 13 703
8 4 68
14 43 816
24 5 42
23 38 906
18 9 161
24 9 201
36 12 157
9 28 68
46 25 557
32 12 261
41 1 457
33 50 416
35 14 643
5 36 818
3 36 12
48 44 976
12 16 468
7 35 474
16 45 189
11 30 44
28 46 676
4 33 642
15 46 776
6 1 527
39 27 71
50 42 160
43 22 446
28 14 58
32 31 634
29 7 158
49 5 291
45 14 682
22 49 365
21 14 111
46 8 82
42 28 300
17 32 501
26 46 619
18 12 863
35 11 619
28 30 667
1 16 153
27 50 877
16 33 336
11 24 225
45 34 925
37 21 424
42 50 989
16 48 910
21 1 842
12 10 713
14 45 982
34 50 514
7 31 463
5 34 368
18 31 998
32 14 446
40 7 378
33 27 153
4 21 160
29 49 514
31 7 191
19 26 851
41 9 307
16 44 369
34 9 589
40 12 84
43 33 832
34 47 234
29 37 158
2 9 934
18 38 237
29 26 405
49 3 982
17 39 11
24 35 818
22 21 927
41 29 379
14 43 932
11 48 56
11 21 466
36 34 212
19 25 95
38 20 926
39 22 863
1 35 638
4 11 865
39 18 475
6 36 656
27 23 495
4 47 657
5 10 388
31 19 942
31 21 494
25 42 765
33 45 188
29 33 785
43 49 242
21 2 635
36 33 988
35 36 945
24 46 204
40 19 110
48 42 256
37 27 224
30 4 540
47 24 800
16 9 221
46 48 149
38 9 651
40 3 403
44 27 284
8 43 562
28 24 624
27 19 893
12 3 678
27 29 260
27 28 66
3 4 270
44 29 473
39 5 824
16 14 592
1 23 290
6 16 295
39 13 508
42 29 152
39 46 38
25 49 922
47 16 670
8 22 862
40 33 794
49 31 819
24 30 982
31 30 947
30 17 523
43 7 811
42 43 181
46 8 490
1 28 508
20 23 116
37 16 708
20 14 723
19 21 632
27 46 568
19 27 950
26 21 692
48 6 557
22 41 756
8 11 169
13 49 325
5 42 869
39 44 900
6 45 726
14 39 660
6 17 893
15 48 439
48 29 964
5 11 454
41 32 766
5 19 467
14 48 974
2 50 431
34 3 20
3 26 689
4 46 948
46 38 234
50 32 315
28 1 217
32 29 564
15 22 804
18 12 556
3 17 887
48 47 203
22 6 761
36 44 485
30 28 110
3 36 244
14 18 829
23 44 269
31 29 461
23 45 243
3 16 104
20 3 700
42 26 343
42 23 872
7 40 802
14 22 719
1 33 847
43 19 362
1 17 85
21 8 22
36 6 516
35 3 740
7 27 460
12 1 851
19 2 870
4 2 257
14 18 38
8 7 450
28 27 494
1 22 38
3 39 111
38 14 329
24 32 277
5 25 613
1 32 985
21 37 103
46 10 103
20 23 632
15 7 6
27 10 673
14 47 110
17 22 545
36 47 113
29 33 640
2 46 285
21 43 253
24 9 10
12 47 18
25 23 774
7 26 854
3 47 78
3 27 676
36 20 751
40 27 701
28 19 373
36 42 519
44 42 109
3 1 138
5 24 680
8 24 4
13 45 745
38 36 218
7 34 714
11 27 503
24 8 962
4 40 90
24 16 408
15 19 348
2 6 104
37 28 910
16 37 597
11 16 848
24 11 311
46 32 764
38 18 685
38 37 698
26 43 831
26 11 470
2 40 362
38 15 280
12 10 275
23 45 350
40 24 2
21 12 252
2 46 33
19 9 95
14 19 928
19 25 439
43 30 469
37 26 177
9 16 136
30 38 913
2 23 138
24 45 89
3 29 824
49 48 192
18 5 687
28 1 445
43 32 933
23 8 449
18 46 23
7 25 368
8 1 388
20 43 888
18 35 795
40 7 452
11 24 991
32 19 208
32 4 973
7 47 661
26 43 961
38 39 758
4 43 2
33 32 589
26 33 130
10 13 399
34 5 302
27 45 490
36 20 602
30 26 175
30 3 448
28 6 7
38 3 292
45 25 257
25 19 600
45 9 151
24 35 663
29 25 105
47 3 416
27 45 993
3 16 853
44 31 216
27 2 128
12 2 257
10 23 952
24 47 893
30 39 388
17 43 320
43 29 410
5 21 480
40 32 117
23 37 359
30 25 597
38 50 915
8 47 768
35 12 918
40 33 765
42 38 446
31 14 138
34 15 900
45 14 387
19 20 123
26 33 534
17 20 876
37 42 790
34 42 597
31 15 511
3 1 366
40 28 924
39 7 32
18 44 457
24 38 566
1 23 382
46 37 851
39 16 117
31 1 878
22 10 712
37 23 129
4 50 121
1 8 259
26 39 949
14 21 150
25 27 837
5 28 231
45 29 124
9 36 230
18 38 571
22 37 28
2 32 488
44 2 175
2 17 890
35 21 59
34 13 422
1 3 674
39 24 242
9 16 135
18 24 919
10 19 604
28 17 398
31 48 427
11 25 34
14 27 769
8 31 239
33 28 698
34 28 694
43 7 597
5 27 145
30 50 114
15 44 924
30 39 95
36 4 495
43 46 942
24 32 239
1 46 455
50 36 962
14 13 955
39 33 838
7 18 211
18 5 636
3 7 129
25 13 268
17 30 847
18 10 989
9 30 852
41 1 875
15 28 692
33 6 419
7 36 97
13 8 533
3 40 809
22 37 306
41 44 68
19 36 439
40 21 592
31 1 338
21 19 797
21 36 450
43 23 680
34 45 324
41 33 324
3 34 524
38 24 843
28 43 948
10 48 244
43 35 425
25 9 755
40 27 43
5 33 727
49 34 754
15 21 243
8 33 441
14 36 440
17 39 52
12 37 972
3 16 564
25 9 117
18 8 255
29 9 393
1 18 123
39 11 666
16 20 317
22 19 540
12 21 893
1 32 277
37 32 106
20 25 370
30 42 998
16 49 497
18 12 661
36 42 611
41 17 482
39 20 751
38 4 748
39 35 623
42 37 979
47 25 410
18 8 767
33 16 202
12 6 114
4 12 520
49 37 624
44 13 561
2 20 769
8 16 330
27 7 286
4 38 905
14 40 940
46 13 358
16 28 977
22 4 907
18 14 298
1 30 627
2 36 57
23 39 246
48 41 746
28 26 180
21 14 686
13 50 134
48 24 922
19 27 632
46 5 112
34 30 428
25 49 69
21 4 767
29 46 172
16 32 40
23 36 622
37 39 379
47 35 334
9 42 268
46 32 712
24 39 906
35 2 974
14 47 682
22 24 205
44 12 546
8 21 309
36 3 907
17 27 585
45 31 555
7 48 44
17 4 291
20 48 906
28 25 531
20 35 320
34 44 893
19 18 775
2 12 742
44 37 755
24 34 37
17 6 629
28 29 739
22 12 105
1 38 617
43 49 961
28 43 417
39 34 253
24 21 839
45 29 630
44 36 112
9 23 156
7 49 115
19 39 89
46 28 890
19 23 746
43 42 256
33 23 815
34 47 494
8 29 34
14 18 614
25 9 507
6 41 671
14 23 729
27 30 679
37 47 714
11 37 734
13 15 912
25 8 557
34 21 859
42 13 347
42 17 61
41 48 927
42 19 943
9 12 518
38 5 429
23 14 40
9 38 0
44 11 585
43 46 927
26 35 788
27 4 104
32 30 951
28 4 394
44 26 76
32 50 511
45 32 622
5 3 541
7 24 993
37 19 4
7 1 381
26 46 16
30 27 465
12 25 611
3 9 407
29 14 439
12 50 146
29 41 694
30 12 202
32 40 210
49 1 306
23 11 519
17 18 890
15 40 507
34 46 17
17 31 680
12 10 604
8 49 380
8 3 651
5 3 680
8 16 212
12 37 966
28 50 2
29 23 124
34 7 727
41 20 711
25 15 667
36 19 622
35 50 223
43 30 398
6 46 61
13 48 931
34 2 212
33 35 21
2 4 481
46 25 281
40 41 694
19 13 570
15 38 173
27 31 876
2 30 619
18 50 758
23 13 66
6 42 841
24 39 581
30 38 442
7 36 971
1 39 670
31 33 332
23 7 288
32 14 40
47 42 560
48 20 132
35 4 884
31 37 729
4 25 947
17 26 66
19 42 569
4 14 779
32 29 595
4 45 367
11 41 609
4 16 996
37 29 552
5 3 648
21 31 580
9 1 481
30 26 589
28 8 162
41 27 876
35 16 467
16 19 818
17 23 680
35 32 155
46 18 771
2 20 466
46 37 394
29 22 312
8 19 361
43 4 246
20 9 662
23 26 660
1 48 512
33 7 991
29 49 903
2 10 510
38 3 513
45 29 341
16 50 832
15 13 731
30 9 136
31 38 168
9 22 805
33 7 582
35 5 561
30 47 19
41 20 553
50 39 8
29 4 114
31 7 598
30 34 714
10 5 603
20 17 522
50 35 630
3 33 80
20 37 607
5 21 701
32 41 299
5 8 731
50 19 551
47 24 30
21 46 466
33 9 902
2 3 125
31 26 562
18 48 941
25 6 316
41 5 685
14 28 792
22 48 524
6 15 622
37 3 494
47 23 187
36 49 180
47 26 988
37 28 676
7 39 186
8 26 871
14 37 697
1 35 425
21 42 431
35 16 965
3 14 633
34 44 28
13 31 394
18 50 321
49 16 796
2 34 481
33 20 507
4 20 310
30 31 802
22 43 710
10 7 150
32 20 971
25 43 993
32 28 612
46 36 676
23 29 180
20 27 283
22 12 570
50 7 563
24 42 204
39 44 521
17 28 740
50 10 61
4 40 669
40 49 233
36 11 729
44 50 112
24 15 79
8 44 906
7 46 620
28 3 46
40 16 312
31 8 917
39 13 371
21 12 157
5 1 970
34 44 423
33 39 278
18 27 980
27 12 744
23 34 892
24 20 706
43 42 339
47 34 578
47 23 667
30 39 545
30 2 78
40 17 542
8 26 875
20 10 360
50 30 905
7 44 277
25 14 516
49 13 377
9 43 162
12 1 863
19 12 438
42 24 848
8 37 750
6 42 826
20 48 63
26 7 126
38 39 434
40 11 992
16 27 48
40 20 732
49 27 159
48 42 105
16 28 111
30 49 64
36 7 61
32 8 350
9 26 612
48 18 156
8 13 788
16 44 622
33 8 411
49 26 697
29 22 14
19 35 515
50 45 935
3 43 376
14 43 484
39 34 807
47 27 776
18 14 371
12 10 831
18 43 178
4 39 686
20 48 611
49 1 124
14 26 431
9 14 274
40 9 704
15 28 351
34 14 566
8 9 534
29 50 835
43 11 783
2 19 971
42 3 784
18 38 328
16 32 104
35 44 370
29 31 849
3 44 722
40 42 728
19 46 309
4 34 473
34 50 497
11 17 605
37 6 247
41 18 357
39 43 250
37 28 778
47 14 42
40 3 0
7 38 94
41 5 396
48 44 280
17 9 442
42 4 959
40 49 452
8 15 991
37 20 703
41 6 468
4 28 932
24 26 725
9 44 661
28 15 410
32 10 809
4 36 527
7 36 816
12 32 329
31 10 831
42 30 459
39 33 74
4 36 109
48 26 2
2 48 508
10 14 120
24 38 565
16 21 722
48 28 439
18 7 717
32 45 528
39 48 477
42 15 345
12 30 246
8 23 293
1 17 981
25 8 356
9 13 700
44 47 725
49 6 719
19 11 683
46 43 435
37 19 850
1 20 986
18 40 778
37 19 423
38 41 321
38 8 135
9 47 284
2 5 421
41 16 383
18 8 300
33 46 145
34 28 581
23 50 835
11 3 0
27 34 102
7 39 683
43 40 5
19 26 155
15 7 664
6 36 742
8 27 12
9 29 662
24 37 721
42 5 187
21 35 889
27 49 81
21 19 545
48 41 697
9 40 281
38 19 931
28 4 229
22 12 564
42 27 858
44 43 885
36 26 568
34 46 207
47 45 927
40 21 376
15 6 128
10 36 36
9 14 646
9 2 501
14 27 121
24 21 233
38 43 232
6 16 790
29 15 593
49 43 776
13 1 695
37 4 52
39 18 462
43 16 168
32 20 677
10 39 962
37 26 49
14 37 668
41 49 61
29 6 270
32 21 422
35 37 730
38 27 409
35 25 347
17 30 114
20 25 801
2 35 896
17 3 911
2 24 905
40 17 783
43 12 301
45 21 132
7 16 298
24 23 534
46 24 691
17 25 32
45 43 565
35 14 584
49 3 443
37 17 759
27 32 899
38 20 140
18 44 114
18 24 904
25 17 911
37 31 10
37 46 148
13 28 797
6 24 134
4 44 732
13 48 775
39 7 839
6 15 961
4 1 142
26 32 131
44 1 892
40 47 289
14 21 948
23 48 771
7 8 546
28 9 186
37 49 418
50 31 100
34 7 494
18 13 787
45 37 234
49 9 229
30 25 945
10 24 550
28 17 931
16 48 433
41 31 654
9 16 268
34 9 274
34 9 939
19 47 110
14 6 959
37 5 762
28 44 646
34 20 707
25 23 56
48 14 377
7 38 52
34 39 729
38 24 78
12 3 224
22 28 651
38 44 331
49 46 143
29 25 610
28 50 744
24 46 24
6 16 506
45 49 976
45 29 643
5 38 52
19 33 873
33 39 299
9 39 869
47 48 345
40 49 848
29 41 995
4 22 180
16 34 456
28 41 773
8 33 965
6 31 920
20 45 378
25 31 345
25 39 239
31 36 382
21 35 172
3 25 889
30 39 360
5 48 716
19 33 166
32 46 144
16 32 189
43 48 35
6 29 762
42 50 419
16 33 861
10 24 524
27 33 129
39 43 225
14 34 360
29 33 94
20 50 936
43 45 676
7 11 945
25 34 713
5 19 65
34 35 559
8 36 372
19 43 354
25 35 330
19 33 545
1 21 935
36 38 115
25 49 188
38 45 650
10 12 26
4 36 235
3 27 281
6 36 710
11 14 435
28 36 296
7 22 772
10 19 617
19 20 67
12 48 618
32 42 612
42 44 918
16 27 512
4 23 38
12 20 604
16 18 365
10 24 178
12 14 60
44 50 543
25 29 918
30 40 518
12 46 677
3 35 588
35 43 881
8 32 401
19 20 846
1 16 755
10 41 553
18 28 997
18 49 983
9 24 460
20 23 437
25 34 326
3 7 530
25 33 291
8 10 393
32 35 26
4 5 923
2 43 941
3 34 934
35 38 937
42 45 787
26 29 393
25 29 588
32 45 557
4 14 699
26 48 772
3 38 467
