25 300 152 9 8
14 8 305
14 11 512
2 7 758
12 2 60
24 4 390
17 2 296
4 18 863
2 23 647
23 6 888
25 6 771
21 2 567
11 10 855
20 10 964
20 22 658
22 3 236
3 24 287
8 5 739
21 8 665
18 9 19
19 16 228
16 12 613
17 14 947
15 1 389
1 9 370
18 17 999
19 6 745
13 25 801
24 16 165
22 20 670
22 5 562
16 5 48
5 2 168
12 20 818
17 8 61
22 11 740
8 12 698
7 2 27
19 6 290
20 17 844
15 25 719
22 21 543
7 13 667
9 1 878
9 14 58
15 16 234
24 15 623
13 15 152
2 14 902
1 6 456
13 23 318
5 24 393
18 2 363
12 19 190
13 1 671
15 11 530
24 10 245
23 24 596
19 13 590
3 13 423
16 15 628
10 15 184
25 14 987
7 8 136
22 1 484
3 10 732
21 9 265
7 24 370
23 17 364
1 7 337
24 6 601
1 21 858
11 21 877
7 17 758
20 7 234
19 22 931
9 18 661
8 21 913
5 3 46
6 13 141
12 2 713
1 14 7
18 23 397
2 21 519
7 21 26
8 24 750
5 24 770
15 1 295
2 3 879
7 2 269
12 5 995
24 3 772
12 21 866
8 24 469
1 21 732
18 16 348
7 11 918
21 24 469
8 2 246
23 19 220
21 16 410
3 1 868
21 14 922
15 13 931
6 11 930
19 2 427
7 14 691
5 7 573
4 10 303
10 22 511
6 17 436
19 9 66
22 23 647
7 2 808
8 21 826
24 25 201
11 20 373
7 9 621
23 16 251
16 4 119
20 4 276
13 12 388
23 18 440
20 4 404
1 18 500
19 10 497
11 2 422
5 11 582
14 10 453
19 25 339
12 16 807
1 3 758
5 6 375
11 8 520
8 21 163
8 11 708
4 25 635
5 25 7
1 21 672
19 14 613
11 19 602
23 19 270
2 25 297
5 24 740
1 17 436
13 24 837
5 18 169
23 5 5
1 16 721
19 16 58
6 12 87
4 1 634
5 25 165
11 8 513
13 24 556
18 7 31
18 24 941
25 16 38
16 20 769
12 19 445
18 15 947
5 22 370
20 12 321
19 7 503
17 20 402
1 6 567
3 17 242
14 13 691
24 18 867
3 21 813
7 16 731
4 11 674
13 19 788
9 18 980
18 5 985
9 21 146
7 11 597
9 16 998
15 19 364
17 20 93
10 21 799
9 16 287
10 20 208
16 10 660
15 16 121
3 16 691
24 18 378
18 16 603
22 7 385
24 11 592
13 9 395
13 21 927
19 8 918
7 20 321
10 3 167
13 24 661
3 12 577
3 9 743
7 23 702
3 12 705
7 24 346
18 1 727
7 2 206
4 6 890
17 18 296
7 11 236
5 25 297
24 18 60
8 20 82
2 15 308
7 6 197
9 1 804
24 15 137
2 8 989
4 2 737
17 15 727
7 16 543
25 4 729
17 8 569
12 7 560
10 11 162
7 12 237
20 24 491
14 4 372
12 14 428
21 19 794
8 12 196
25 9 75
18 11 755
25 22 560
17 4 617
14 1 49
24 2 795
25 11 279
18 9 74
13 16 750
7 14 548
8 2 533
1 2 313
3 20 256
18 1 45
17 18 328
2 17 118
12 6 746
11 23 690
14 8 893
17 1 922
7 23 514
22 15 759
17 11 649
5 4 251
19 10 318
19 12 764
6 17 741
24 9 382
25 19 673
3 11 872
9 10 573
16 9 146
19 4 320
2 24 434
24 23 353
3 16 23
2 7 363
12 16 765
17 12 461
5 4 43
19 24 893
11 5 763
14 20 76
14 3 432
22 15 578
10 12 908
24 20 750
12 20 329
4 24 527
13 15 655
20 14 347
7 12 424
6 21 866
17 3 833
2 3 313
20 24 879
4 18 315
24 4 552
2 3 32
1 17 763
10 20 692
23 17 840
17 16 122
24 3 773
8 1 776
8 1 657
20 23 270
17 13 43
22 9 18
20 4 37
5 7 254
12 4 695
8 24 195
22 11 299
3 23 131
14 25 355
18 19 494
22 25 118
1 3 519
3 4 828
9 18 291
6 22 689
9 23 162
11 14 178
5 25 1000
7 10 678
3 6 751
3 18 338
2 17 929
2 22 769
9 24 233
7 13 240
12 16 289
16 20 66
8 22 147
14 17 294
11 25 628
5 9 295
10 14 155
16 23 730
1 6 129
3 6 780
8 12 846
8 13 329
1 23 937
6 23 719
5 19 298
2 10 70
2 10 253
12 24 127
5 14 897
8 10 287
12 18 641
4 5 671
13 15 867
8 15 292
5 14 140
15 16 732
1 21 869
12 19 478
4 8 916
1 4 581
6 10 769
13 25 953
12 16 634
6 19 308
7 17 326
8 10 188
5 15 134
6 11 377
5 7 740
13 22 636
4 22 899
3 20 712
1 13 531
3 8 521
6 9 52
8 11 747
16 25 210
8 17 442
9 22 118
5 15 776
13 19 706
4 22 693
14 24 26
3 21 859
7 12 825
19 25 133
9 20 221
5 25 677
6 23 337
7 21 727
17 18 47
11 15 719
3 24 302
4 18 725
3 15 665
11 19 579
4 15 299
11 14 986
3 17 891
10 12 869
13 18 325
3 20 618
14 18 177
5 11 506
16 19 25
8 15 10
10 24 260
18 20 365
4 13 704
15 25 215
3 6 921
16 23 297
2 15 772
16 19 409
4 10 494
1 9 460
16 22 508
12 17 726
2 19 998
18 23 974
1 11 850
9 25 779
19 21 206
13 24 800
1 7 7
11 15 506
4 18 210
1 3 183
12 13 532
19 25 258
12 20 855
13 25 792
1 9 663
2 20 373
7 16 26
8 22 968
1 16 558
9 20 812
4 5 960
2 3 402
4 8 684
8 24 102
3 9 948
9 10 646
2 24 507
8 16 836
6 12 363
2 14 731
16 17 253
9 17 779
1 20 384
7 8 356
1 8 330
13 16 846
8 11 458
12 19 986
4 25 174
13 19 60
12 25 153
1 19 787
3 22 352
7 25 829
14 16 279
8 19 809
